1.801
3.903
4.871
5.605
6.873
7.374
8.641
9.576
10.543
11.911
12.712
13.546
14.347
15.115
16.182
17.25
17.984
18.685
19.486
20.186
20.854
21.554
22.088
24.557
25.692
26.693
28.128
28.962
30.83
31.331
32.165
32.866
33.6
36.202
37.904
38.438
38.938
39.506
40.04
41.141
42.809
43.376
43.91
44.778
45.345
47.347
48.715
49.816
51.684
52.685
53.286
53.787
55.188
55.922
56.523
57.223
58.158
58.825
59.426
60.193
60.794
62.595
63.196
63.696
64.23
65.265
65.932
66.8
67.801
70.003
70.77
71.571
72.739
74.841
76.476
77.41
78.211
80.28
81.381
81.881
82.382
82.882
83.383
83.883
84.384
85.552
88.955
89.823
91.257
91.791
92.826
93.426
95.295
97.464
99.466
