6.006
8.475
13.513
15.548
16.516
17.751
19.185
20.687
21.654
22.288
23.456
24.457
25.158
25.692
27.027
27.794
29.162
33.233
34.034
36.036
37.17
37.871
39.973
42.108
43.443
45.011
45.678
47.247
52.118
53.586
54.454
55.155
55.655
56.79
57.824
59.292
59.859
60.894
61.795
62.462
63.663
64.731
65.465
65.999
66.666
67.467
68.568
69.736
71.271
72.072
72.906
73.84
74.507
75.008
75.575
76.076
77.143
77.944
78.945
79.813
80.68
82.082
82.682
83.516
84.084
84.684
85.218
86.086
86.853
87.954
89.556
90.623
91.157
91.925
92.692
93.46
94.494
95.695
97.73
99.132
99.999
100.533
101.601
103.937
105.071
106.339
107.307
108.041
109.008
109.776
110.276
111.644
114.747
115.915
117.317
