7.741
10.643
11.144
11.745
12.278
12.846
13.346
15.682
17.55
20.286
22.722
25.325
28.895
29.629
30.797
31.631
32.132
32.799
35.301
35.935
36.636
37.27
37.904
38.605
39.305
40.006
41.107
41.775
42.375
42.976
43.643
44.377
45.078
48.014
49.349
50.75
52.085
54.721
56.122
57.524
58.691
59.893
61.261
62.662
64.264
65.298
66.699
69.269
72.038
74.741
75.975
77.377
78.445
79.112
79.746
80.413
81.047
81.714
82.382
83.083
83.75
84.417
85.085
85.752
86.553
87.053
87.554
88.321
89.055
89.823
90.457
91.091
91.958
93.026
93.793
94.36
94.961
95.562
96.129
96.863
98.498
101.034
103.036
103.636
104.971
105.672
108.475
111.144
111.644
112.278
114.781
