3.128
4.838
6.006
8.466
9.217
10.301
11.594
12.595
13.43
14.139
15.807
17.392
18.351
20.27
21.187
22.397
23.273
24.399
25.608
26.568
27.902
30.613
32.907
33.908
36.119
37.912
38.997
39.664
41.124
42.125
42.792
43.585
45.128
46.296
47.13
48.006
48.715
49.632
50.633
52.177
53.219
54.512
55.305
56.639
57.557
58.224
59.809
61.06
62.061
63.146
63.98
64.689
65.356
66.232
67.192
67.984
68.693
69.611
71.821
72.697
73.698
74.365
75.533
76.367
77.327
77.994
78.661
79.37
80.038
80.705
81.748
83.166
84.417
85.585
86.753
87.504
88.505
89.339
90.298
91.216
91.883
93.051
93.927
94.636
96.137
96.846
100.1
100.725
