6.333
9.233
9.966
11.366
12.566
13.633
14.5
15.3
15.933
17.033
17.833
18.633
19.166
19.9
21.166
21.933
22.5
23.133
23.966
27.033
28.066
29.033
29.633
30.533
31.466
33.066
33.566
34.1
35.266
35.833
37.266
38.333
39.166
39.933
40.666
41.266
42.466
43.466
44.666
46.066
47.533
48.5
49.266
50.166
51.066
51.7
52.566
53.333
54.266
54.866
55.666
56.3
56.9
57.9
58.933
59.6
60.366
61.1
61.8
62.433
63.3
63.933
64.566
65.9
66.733
67.233
67.833
68.7
69.433
70.033
71.2
71.833
72.4
72.933
73.7
74.2
75.1
75.633
76.433
77.633
78.433
79.5
80.233
80.733
82.033
82.7
83.633
84.5
85.8
86.766
87.366
88.1
88.6
90.4
91.1
92.033
92.8
93.3
94.133
94.9
95.766
96.966
97.633
98.7
99.3
100.4
100.933
102.233
102.9
103.5
104.033
104.533
105.233
106.0
106.766
107.633
108.5
109.366
110.0
110.6
111.433
112.233
113.1
114.033
116.333
118.233
