2.585
3.837
4.796
6.297
6.965
7.841
8.675
9.426
10.218
15.473
21.938
22.647
23.356
24.024
24.691
25.358
26.025
26.776
27.819
28.528
29.32
31.072
31.781
32.407
33.366
34.325
35.035
35.744
36.661
37.328
38.329
39.164
39.998
41.416
42.042
42.876
43.877
44.711
45.503
46.296
47.672
48.882
50.05
54.512
55.43
56.473
57.432
58.808
59.559
61.352
63.855
67.776
70.904
71.529
72.489
74.574
75.7
78.578
79.37
80.205
80.83
81.873
83.166
84.084
84.959
85.835
86.711
87.462
88.088
89.714
90.381
91.216
92.383
93.468
94.844
95.845
96.554
97.514
99.307
102.268
104.187
113.196
115.323
