3.08
3.8
5.08
6.12
7.12
7.8
8.56
9.36
10.12
11.4
12.0
13.2
13.8
14.44
15.12
16.44
17.12
17.92
18.64
19.28
19.88
21.04
22.04
22.68
23.56
25.08
25.92
27.72
29.12
29.88
30.52
31.12
31.8
32.44
33.56
34.36
35.36
37.04
37.88
38.56
39.4
40.04
40.72
41.52
42.68
43.48
44.24
45.2
46.0
47.24
48.08
49.0
49.68
50.48
51.72
52.4
53.72
55.28
56.8
57.64
58.88
60.28
61.08
61.68
62.56
63.56
64.96
65.76
66.4
68.08
69.12
70.24
73.64
75.48
76.32
77.72
78.96
81.2
82.12
83.04
84.04
85.04
85.72
86.32
87.6
88.96
90.88
91.56
92.48
93.84
95.08
97.04
98.04
101.04
102.28
