2.001
5.714
8.299
11.261
12.971
13.847
14.514
15.39
16.725
17.6
18.685
21.938
23.023
23.732
24.733
25.608
26.443
27.235
27.861
29.237
31.281
34.492
37.62
38.58
39.998
41.082
42.042
45.628
48.548
50.216
51.968
53.052
53.928
54.888
56.306
57.056
57.891
58.558
59.35
60.685
61.978
64.564
66.566
67.609
69.069
71.696
72.572
73.49
74.574
75.533
76.868
77.66
78.787
79.704
80.747
81.956
84.167
85.085
85.919
87.504
88.797
89.672
90.84
91.883
93.051
93.76
94.594
95.428
96.679
98.181
99.057
100.058
102.477
103.52
105.522
106.481
107.941
108.775
110.61
111.736
