0.4
0.9
1.968
3.737
4.537
5.605
6.473
7.207
7.974
8.842
11.478
12.045
12.746
13.38
15.248
18.184
21.388
22.188
22.989
24.09
24.591
25.091
25.725
26.226
26.793
27.293
29.229
29.763
30.597
31.097
32.165
33.199
33.833
35.068
35.568
36.302
36.87
37.404
40.273
41.474
41.975
42.976
46.646
47.38
49.082
49.616
50.65
51.151
53.62
54.12
54.754
56.656
57.957
60.16
60.66
61.161
61.694
65.498
67.667
69.102
72.972
76.643
80.48
82.982
84.217
84.717
85.552
88.421
89.355
91.624
92.859
93.426
93.927
94.694
95.595
97.097
98.298
100.366
101.334
101.835
106.706
