1.209
3.42
4.17
5.38
6.548
7.257
8.258
9.968
10.885
12.804
14.097
16.599
20.395
21.062
22.605
23.523
26.526
28.57
29.571
31.239
32.907
33.825
35.827
36.494
37.287
38.788
40.331
42.083
43.126
44.085
45.17
48.673
50.759
51.426
52.761
54.637
56.765
59.559
60.852
62.103
63.229
63.938
64.647
65.607
68.485
70.195
70.862
71.488
72.113
73.448
75.116
76.326
78.244
80.413
83.374
84.334
85.585
87.128
87.962
89.923
91.883
92.759
94.052
96.429
98.056
99.057
100.266
101.601
102.644
103.978
105.104
106.523
107.524
108.191
109.609
111.361
