1.08
4.08
5.64
6.6
7.92
9.16
9.88
10.52
11.36
13.88
15.04
15.72
16.96
17.96
19.04
19.76
21.0
21.64
22.4
23.56
25.2
26.12
27.0
28.4
30.2
31.56
32.6
33.24
35.32
37.4
38.28
39.56
40.52
41.96
43.0
44.28
45.4
49.8
51.0
52.12
54.32
55.64
56.96
58.0
58.96
59.56
60.44
61.48
63.08
64.56
65.72
66.56
67.28
68.84
70.04
71.32
72.36
73.32
74.12
76.28
77.08
80.0
80.76
81.76
82.36
83.68
84.68
85.36
86.04
86.92
87.76
88.4
89.52
90.4
91.8
92.68
93.8
94.72
97.56
98.52
99.24
100.12
101.64
102.56
103.16
104.36
105.32
