0.233
8.808
9.376
10.21
10.944
11.711
13.68
14.547
15.081
15.582
19.152
23.356
24.157
24.891
27.16
28.361
29.562
30.764
31.331
32.232
32.899
34.1
34.868
35.668
36.336
38.304
39.139
41.074
41.941
42.509
43.777
44.344
44.944
45.445
46.012
47.313
48.281
49.215
50.183
51.151
52.118
53.053
54.02
54.988
55.955
57.757
58.324
59.259
59.793
60.727
61.694
62.595
63.263
63.797
64.531
65.065
65.632
66.533
67.767
68.401
69.369
71.204
71.771
72.672
73.173
73.706
74.441
75.141
75.642
76.276
76.776
77.377
77.877
78.378
78.978
