1.234
2.002
2.869
3.603
5.071
5.972
6.94
7.707
8.441
9.843
10.61
11.811
12.679
13.513
14.347
14.914
15.749
16.449
17.784
18.451
19.152
19.953
21.021
22.022
23.39
24.424
25.125
25.625
26.426
27.027
28.428
28.928
30.03
30.563
31.364
32.165
33.867
34.667
35.769
36.469
38.104
38.671
39.239
39.773
40.507
41.741
42.609
44.511
45.211
48.481
49.149
50.583
51.284
52.352
52.852
56.156
56.689
58.124
58.925
60.794
62.195
63.43
64.864
65.665
66.199
67.0
67.901
68.668
69.269
70.236
71.004
71.571
72.872
73.54
74.14
74.641
75.141
76.409
77.21
78.478
79.012
79.512
80.98
81.915
82.649
83.45
85.251
89.956
