1.918
5.13
6.923
8.007
9.592
10.51
12.095
13.096
14.514
16.266
17.225
18.56
19.394
21.896
23.273
26.359
27.527
28.82
30.238
31.156
31.948
32.907
33.783
34.951
36.161
36.786
37.412
38.663
40.081
41.374
42.125
43.376
44.335
45.211
46.921
49.34
50.925
51.76
52.886
54.22
55.096
55.847
56.765
57.599
59.225
60.435
61.603
62.854
64.814
67.025
68.61
69.235
70.32
71.112
74.783
75.575
77.535
78.828
79.579
80.747
83.5
84.542
86.252
87.128
88.213
88.88
90.09
91.091
91.883
92.759
95.095
96.513
97.806
98.765
99.724
100.558
101.267
102.185
