407590.03
15582.525
101596.87
3641923.0
465538.84
5619882.5
3139621.8
1320384.6
1988422.8
1870635.8
1500606.1
866991.4
37169.188
1874161.6
5402718.0
2804657.0
213753.97
3009572.0
281932.28
50786.035
539769.06
336975.84
653226.6
99333.38
1086980.4
641275.06
2414453.5
2055929.4
4067313.0
995399.1
1105996.4
1989151.9
612711.4
252762.89
696182.94
1729326.1
1797015.4
930766.3
2560278.5
1934947.8
1502902.4
1862134.2
667904.7
2159803.0
1312471.8
337837.03
3380302.8
231138.86
4431523.0
7864680.5
53624.766
246890.17
1722872.9
900634.56
487948.2
2898374.5
971597.0
5538730.5
204118.12
138882.64
1821707.6
1715044.1
557041.2
2215800.5
489944.97
2569574.5
2466163.0
1284417.5
1566317.8
1328318.8
1009687.06
30683.477
6093055.5
231408.22
1563914.4
3131151.8
1804723.5
1670769.5
1566926.2
1542163.9
2645327.8
329023.56
2687127.8
1974442.4
2717751.0
2246488.2
1150002.0
429111.62
1411879.8
2194383.2
4513775.5
933061.6
4040154.2
2648531.0
1490910.4
546663.0
2892006.8
1661611.6
1051520.8
732528.4
1725601.5
2540802.5
980689.06
4640470.5
161515.52
1933242.2
34894.246
3415430.0
2075662.2
3657714.2
754296.8
434484.22
1581753.2
1961185.0
