843468.7
916913.94
261829.56
1045467.25
1586152.8
1481981.1
3920643.8
1230291.1
3101852.2
2203479.5
8059990.5
3150589.5
1046114.25
2749291.8
3478771.0
1770311.4
8272564.5
30554.338
16050.982
14128.519
1231656.0
2484462.8
697554.4
741325.1
1031598.6
2215665.5
6146843.5
1681580.2
2010551.1
1916034.6
1181415.6
753132.2
2207703.5
855210.06
1535797.4
1546824.9
1207528.2
655596.5
1690252.0
1174145.5
796511.3
3621309.8
1251702.2
1525124.1
545576.25
2444146.0
495625.22
1215864.6
1908446.4
1104138.2
285418.12
1443114.1
710518.44
1462681.9
264165.62
745117.1
2096506.8
759573.4
3562611.8
1345220.6
2532175.0
3668291.8
1727183.0
985529.2
1203390.4
295671.94
1154772.1
2271914.0
584690.56
509153.7
1393492.1
1030862.7
2062374.8
204809.31
726958.1
1653167.9
2435280.0
299783.1
1792753.1
1098458.6
718501.44
835265.25
1388089.4
1070414.8
843626.25
4158036.2
744524.44
167266.23
930905.44
1390624.6
863404.44
119734.86
1228125.8
351680.47
6041565.5
530329.5
2548706.2
2714194.8
184206.06
382894.34
28441.145
2227700.0
1519566.9
3441220.5
463198.3
2093951.8
540533.3
225702.66
670985.7
