3169413.5
38233.625
29103.293
3849280.0
2718299.8
1569301.5
2189814.2
2429337.0
1944686.8
3981328.2
559608.3
1113099.6
1701394.0
4745139.0
2583008.2
989721.3
6302879.5
1620942.5
1629525.4
100177.26
636566.56
2071312.1
235887.77
4938845.0
2663393.5
542508.4
2062327.2
959299.56
2097727.2
731627.8
427199.47
3438396.8
70558.41
729574.44
90051.195
1162710.0
140855.95
36232.418
918934.94
1277602.0
706137.3
5116649.0
36705.918
49534.836
48630.4
1025501.06
73639.19
53053.453
394451.88
21734.996
6665.0493
6374.8027
1027060.4
37424.105
40267.215
42592.14
191197.19
148243.06
