730724.94
3997.8835
5504.4263
3974.2048
3974.2048
546066.4
3991988.0
577797.0
7613507.5
778282.0
987014.75
103910.06
455551.47
2264593.5
1281830.6
87897.84
62299.37
1001572.3
1388745.5
4333831.5
5490061.5
1167065.6
3251692.5
127966.33
8995955.0
1279.9961
1081.088
1297.1227
1288.0942
1226.7312
2275444.0
4895580.5
2634621.8
5098630.5
1332300.2
3045324.5
341084.9
1590217.1
6163445.0
735850.0
402100.53
262968.2
2513350.2
482128.6
331137.47
4845255.0
394181.6
1240899.4
2578097.5
881051.75
2739813.2
85177.91
441099.66
871337.0
6380970.0
608948.25
796796.5
520182.8
909554.4
3348116.8
256060.75
1867584.8
361737.66
3883769.0
3571112.2
3551962.2
4011030.2
2526572.8
1271360.4
1012349.25
471898.97
333176.0
391644.38
27828.451
574095.1
64041.965
74018.39
3341641.8
2810345.5
460819.2
34679.875
722366.9
3466647.5
647500.8
3913883.0
66719.26
893250.56
1239016.6
622867.75
1268782.6
377565.84
5056802.5
582692.94
1301697.9
748925.0
265915.66
4322680.0
1601709.1
5827880.5
3671315.2
873582.7
63816.07
1222793.4
290977.56
1129303.1
1452445.9
952000.4
2337322.8
137465.89
1241452.1
171975.88
3097503.2
5701490.5
377912.03
182240.1
699820.5
433289.7
310989.53
