268406.56
832326.5
893994.2
198448.81
180551.25
927783.44
380867.84
1652933.1
448858.4
176864.56
482782.34
120128.336
154911.92
669965.4
972053.7
993727.75
1857778.6
1094738.2
338919.7
891888.56
12766.592
138356.94
423752.6
2321820.2
172595.0
426702.5
623012.75
189219.31
385852.44
1131183.5
465317.88
1220668.1
754993.3
313758.88
314719.1
318317.47
473334.75
308421.7
193610.66
1914516.5
166644.88
308574.75
882905.25
232208.94
199520.9
504752.53
2904579.5
687554.9
1060033.5
169701.61
953289.56
140880.38
5676.5596
11032.194
405861.6
675640.4
277120.66
237835.03
7462.166
119375.81
