24649.842
57693.242
56890.53
2397157.0
39049.344
532177.06
1417958.6
1094928.4
245758.58
1294321.4
1078493.9
4625.4434
1016044.3
295729.75
4144891.8
880163.25
1268327.0
653213.75
234335.6
272528.78
910308.94
681286.8
2477196.5
2364136.2
823972.25
834303.3
737466.0
1083424.9
624430.3
257855.69
1573781.9
2219789.2
153497.83
105722.234
383636.5
473520.22
963940.75
1063326.2
3650891.2
4286019.5
1303637.5
911404.06
1159397.6
1632335.6
1071163.8
5477038.0
290925.38
68674.766
3157583.2
1129599.9
1599617.5
1058168.8
596525.7
527705.44
1138816.9
340435.9
741225.0
1192909.6
1351863.0
613146.9
