501683.06
74085.8
39602.465
31997.312
19414.713
20175.389
535228.8
194712.11
44368.723
48990.277
46415.188
1284645.6
951157.3
661131.44
423560.28
187648.94
2842915.8
109133.336
1066323.2
477810.4
367496.72
969642.56
27819.87
27357.775
27240.373
30119.432
1338782.2
218147.58
1532873.4
91783.72
188900.72
3275675.2
71059.74
3537064.5
87448.984
1155980.8
904272.0
35920.07
461558.5
418634.47
789526.0
1217743.9
118188.06
2334421.2
840774.06
584738.2
485611.25
58437.76
69581.26
68906.77
1728581.9
331369.94
660231.6
401986.84
1476712.9
624120.75
1091874.5
6737396.5
9293577.0
16623.236
15588.344
15779.983
