526101.0
154051.36
156623.64
314092.1
147557.53
75815.266
746203.5
174618.42
403869.6
541602.7
1466549.1
18410.988
41625.52
9964.068
36380.02
4076.4766
221438.58
932184.7
9032.346
25421.406
349963.16
2031.482
4403.4116
1997750.4
2772485.0
217526.11
203973.89
65067.35
29353.86
165308.69
65806.68
255260.9
863236.0
960244.25
492415.47
1070916.4
2597083.8
901477.6
1597295.5
2060758.2
1694207.5
163757.58
1684807.5
708025.75
801926.2
689064.7
1515672.9
530267.44
417690.16
423602.34
680978.6
966698.6
1573539.6
1026054.94
228565.28
271923.9
283152.9
253059.98
437000.8
1004672.94
838842.94
544910.2
2008957.9
751580.0
1227739.4
529207.44
655401.75
1708508.5
428074.5
860782.6
902249.56
427759.78
443117.66
1513834.2
134397.97
444794.38
265838.6
1631867.8
532988.44
572883.2
630535.4
795067.6
673373.7
128981.984
1086901.1
216486.05
769138.25
2625828.2
4483579.5
266394.62
954067.44
30881.893
529973.9
273912.5
280926.62
1010649.06
1206321.8
276374.53
2412749.2
195002.19
1023007.75
53794.457
3256550.5
378156.72
2035197.4
430245.56
2043063.4
3862681.8
315971.03
867805.8
295509.06
121200.836
390823.75
154572.98
220122.47
