762684.06
19829.406
5973.943
1968891.9
187293.44
1052670.0
259462.03
554474.6
66673.02
375438.0
1144798.8
93868.53
66285.27
994392.9
1277275.5
2231411.2
783524.25
1018473.8
661189.25
179213.44
1021360.1
132451.38
2417677.5
271572.1
1453641.8
81071.945
1611301.6
594778.44
1403192.8
940870.7
673007.9
416442.9
297001.75
1797036.5
238863.77
98548.92
32377.822
543409.8
93420.99
161261.31
724793.4
1711657.1
1651022.0
1415557.4
336218.56
2285875.2
2137676.0
18042.678
1751.0704
878960.8
7964.3984
1405148.5
1348964.9
36739.46
1630914.0
1191545.4
9582.7705
4731981.0
844077.7
353638.88
6224232.0
604025.3
17544.139
4790263.0
338465.1
1570400.2
206373.0
1416159.0
2321564.0
1662954.5
377438.22
25192.258
909693.5
1146547.6
570325.3
681918.6
144303.3
27667.924
16884.08
750.4234
2154.8176
612.86487
674.1816
2329.3042
583.01715
650.31586
451.01764
277.23123
765.1565
