379999.16
1147321.6
88030.16
2510078.5
14965.372
1116724.6
50285.82
123555.3
1152171.4
423844.97
158408.89
44002.344
61143.336
622444.06
4048.021
5609.218
4352.5767
1005368.3
139936.39
946377.06
474045.72
16207.061
1310665.1
99980.445
1760929.5
1367430.1
36873.473
41382.902
152139.08
93256.375
64110.8
56837.977
497928.88
303383.12
388605.44
24641.95
614229.5
477356.72
1432616.5
19716.377
1427423.8
699639.06
5920.03
33999.027
216739.31
38406.613
685919.5
134819.02
127643.93
944189.75
1477903.6
18665.463
649493.0
782.11383
3492.7996
3009.9639
3334515.8
25396.617
17704.06
184897.72
148243.06
