11345.739
10836.343
3859535.5
124809.34
86806.16
3057044.5
546879.0
276834.06
647381.0
130586.195
338039.7
9640531.0
824848.1
183113.28
6822254.0
339976.6
1389350.6
74857.375
1497828.0
3258670.2
1678293.6
329065.12
6006637.0
835885.6
1858752.6
3263814.0
7892844.5
659737.8
367660.38
4628234.0
519384.28
1577389.0
1255108.1
808863.7
2489154.2
1518212.6
7337973.0
779939.0
6174330.0
2944474.2
2925868.8
3435590.5
288946.22
5364216.0
1292662.1
5748423.5
2075518.1
5209431.5
178511.88
797764.1
518816.7
430647.56
1272292.8
2277493.0
2777732.5
2290363.8
2468238.0
4105440.5
413719.5
1281798.9
993147.1
1723289.1
1207261.6
2107293.8
693907.44
6997210.0
1279248.9
1167010.9
174477.89
126307.57
526625.0
9291565.0
283965.38
383318.22
5627356.5
746212.0
177041.19
1860292.0
727756.94
9383.1875
12910.488
86518.59
2928805.0
752688.7
52234.953
15241.344
249374.88
70888.055
101308.67
532980.0
