1326721.4
1542439.1
848429.94
1051337.1
5034401.5
381139.6
236001.31
2632189.8
567172.5
3122422.0
2525416.0
1758001.5
200634.84
623846.8
1425232.0
724656.4
4256337.5
286983.16
5746655.5
106928.57
3131860.2
698447.4
16732.496
1648227.9
47416.707
1048986.9
271124.4
389380.47
353905.38
299322.06
397600.28
1460363.1
2016535.8
525311.1
2419800.8
742798.56
407370.66
209854.2
135174.44
536021.8
2034462.5
1195971.6
2187412.8
677739.9
1645973.4
1623158.9
3053464.2
1885282.5
871310.6
1653355.6
600693.94
8089597.0
1185660.4
30697.06
70133.1
8644319.0
188725.72
1804900.8
177418.31
29512.225
