4902.8066
5089.888
168797.89
6696.794
6969.0537
15815731.0
377884.6
123384.96
285290.97
624653.1
1141856.1
984531.1
880813.1
503225.97
682375.2
1394726.1
126566.97
29362.15
10296294.0
1367060.2
1886656.4
1329264.9
1335866.9
486716.62
153304.6
484877.88
41982.355
15821.305
10867884.0
319553.47
1809752.4
706542.44
128529.984
19721.832
9912162.0
435640.44
1136333.2
1036501.7
466439.28
524179.72
546793.56
254908.55
1683571.8
637527.56
109009.34
26580.438
12658786.0
304307.88
236709.7
74547.87
2182270.5
469892.97
89472.37
830.85486
606113.94
3891.9048
1506893.0
378.73178
1969217.8
3820.0269
897723.5
14494.566
14102.5625
502983.56
10975.723
10168.762
1022869.0
10387.312
10342.43
49645.562
11564.512
17372.406
137733.08
8959.147
712083.6
