1686467.8
62289.387
1378617.5
57240.42
125991.34
52795.082
283834.1
71909.14
55042.09
296284.06
131220.98
911278.06
20013.188
51212.484
86950.83
661629.6
963193.5
177513.53
317587.12
38782.434
51598.598
2088658.2
149938.95
276969.75
82681.234
100829.3
147483.97
233611.31
128965.06
187819.75
411778.66
184022.38
51546.77
53618.41
13243.576
20485.541
19213.049
113152.95
486526.88
149511.14
369872.9
458462.6
10871.327
854645.94
28343.93
25376.998
10436.24
263380.0
26863.38
7065.816
123962.9
130396.14
72369.586
63510.547
545109.75
20558.213
37728.45
27323.482
30213.654
38614.645
106498.945
70642.06
