594458.1
354542.25
1443077.0
535914.75
698651.44
341298.62
287570.06
46745.082
216385.73
6592.879
391695.6
75193.93
808299.1
71174.42
58114.59
57968.746
206947.3
536651.7
71386.5
299087.12
458743.47
281345.7
4608.7188
419410.25
789699.2
3679.5632
197906.1
27539.129
2583375.8
16648.797
16623.545
1713955.8
514659.97
216384.48
2074194.8
729521.4
972588.1
306395.6
26869.07
320267.22
5902.592
10316.501
364515.25
118962.98
1043503.3
83243.9
65232.29
46027.574
153828.47
554936.1
50865.91
311351.06
491141.56
260156.11
11699.352
258901.9
564758.25
330.1074
263562.34
10267.075
11017871.0
248826.72
248826.72
269793.25
