6656.7964
9807.575
5585.361
10569.73
40077.523
1435892.1
52609.43
56335.496
16027.243
41748.57
168951.86
6803141.5
626189.7
3331935.8
41277.945
805048.7
35488.707
41612.277
16316.678
3083.1724
2217464.5
1651.0347
1572737.5
26553.459
48723.97
1416471.8
19748.309
189191.95
150600.52
191635.89
31510.365
55298.168
193434.39
76515.48
116248.336
3697817.8
92834.62
325528.75
20247.705
1074917.1
73365.36
116910.07
73737.71
517382.6
749165.4
1337093.0
205268.2
48959.883
118464.07
47121.16
2976799.2
2483.9846
672.9977
2808857.5
124721.96
154441.34
19297.186
329850.25
3504848.8
363523.7
969817.9
108259.84
874989.56
388330.1
25590.537
53253.996
5906120.0
108242.05
28635.516
60736.63
176138.9
3613630.2
1013882.1
2148101.2
3294390.5
1546769.8
729647.75
1840658.0
139398.31
1694772.0
358677.12
6070.5205
14069.818
37516.2
1542.9138
42099.92
700853.44
171672.05
137577.02
1501357.6
165466.69
63414.29
975491.8
27125.033
21848.688
3018213.5
47951.188
111227.71
40666.906
270574.4
30612.363
2740228.0
20671.586
23473.861
18834.744
4037857.8
422512.47
6763176.5
33496.76
