97486.19
779894.06
7069.435
957.8852
3529.297
1111655.9
365375.06
739972.9
36976.69
74873.42
1293199.6
38554.773
1433222.1
77224.766
33622.234
609167.1
141752.19
666582.7
514837.88
2069554.5
755842.8
842339.4
804634.06
1281285.6
2667638.5
96617.56
49946.734
1619388.9
1579112.6
729098.25
1353781.9
130200.91
1549278.0
1303879.1
1087289.2
1093749.8
4731989.5
3003990.8
1173344.0
1146062.9
680108.9
1390894.9
567532.94
1679361.6
67582.35
949555.5
74894.54
1732701.2
32326.914
349078.47
195292.28
3753419.2
149541.0
445938.7
1224035.2
805982.6
23606.863
1095505.0
6242909.5
190850.42
