22876.438
3179839.0
867251.94
131296.9
32065.717
36776.06
33218.695
9153203.0
118142.445
4158747.0
1295341.0
25395.045
28925.172
101663.99
16430.754
39683.246
18178.637
101193.84
101156.59
36342.32
38824.258
59220.938
323290.5
35787.406
31259.781
31243.52
4833156.5
980517.06
852250.0
5586519.5
270894.16
12759.686
24164.08
48379.95
128763.5
12157.589
10300.27
2877689.0
425793.66
696267.7
570378.9
432806.97
732884.56
1277646.9
2695162.0
60033.027
984641.25
234154.73
204644.33
979491.2
122398.93
44734.16
1644880.6
481793.06
1191124.0
470151.78
1588069.2
36543.195
2013317.9
2263122.2
497519.06
396462.56
50464.8
12382.13
4397.7803
2769.1558
2072100.0
12057.1875
48681.83
31379.652
10976949.0
297458.2
229071.9
35434.867
36481.17
38230.934
36327.727
36139.77
36598.613
