5454099.0
5646832.0
2398400.0
406919.97
3811968.0
653622.9
35254.438
1439414.0
18152.11
28942.047
362919.72
2365880.2
1765579.4
2085378.8
1908978.0
1070463.1
3501882.8
1329373.1
853726.56
2762356.8
1907361.9
129664.01
104925.5
307519.56
2340917.2
314862.03
482536.94
2258118.8
639168.6
529747.7
556083.9
365787.25
172488.42
679023.9
172034.22
116097.53
491841.84
576658.25
582613.06
796542.94
315696.5
1545242.5
42494.992
5301.136
562.7209
335799.56
2676613.5
580287.7
1468029.5
928946.94
357457.1
181499.14
5193043.0
576302.44
61234.75
106869.625
1975305.8
711668.75
28611.572
27388.492
22537.0
18995.975
23125.54
48331.81
1867183.4
2590073.5
13054677.0
4347.8086
81695.88
9455.085
20922.691
15653.376
1189468.8
575249.5
10155.793
5558.341
8019.539
8523.916
