59621.453
79202.87
9810.441
493578.7
791376.8
2461746.8
1140383.6
1682411.0
4514142.0
997438.0
456110.66
3149714.2
42771.45
648.9286
757973.4
255482.1
9094772.0
1032913.2
791489.4
388463.16
2710347.2
1628577.0
552337.1
2818034.2
3445695.5
382761.06
367871.78
2233254.8
343854.25
870037.25
2491868.2
4142175.0
61758.53
133434.98
116473.91
68889.46
2145413.2
41439.62
2467684.2
76708.695
37461.117
1424979.0
940463.94
382722.22
6734052.5
285292.38
2397468.2
9620749.0
637302.8
49666.48
8848.628
24888.863
180921.52
118723.82
195344.2
1234973.1
11680.696
1694.7196
3984.6167
179069.05
2956.0388
4453.4043
473191.7
581.4431
521.18243
1671928.2
153141.23
5250708.0
399233.1
300620.84
644180.06
250422.14
530340.75
28818.234
1305336.9
30865.975
46292.04
43761.145
704940.44
782789.4
