6493.1587
8966.383
407806.12
176098.6
2910079.8
897716.0
1309014.5
3894236.8
1333758.1
2173978.8
305659.62
607965.44
143327.73
5905.316
984442.94
14201.648
14130.716
206413.94
3719813.5
24871.828
27681.729
1315067.6
100595.52
289005.6
80147.164
514832.6
374636.0
535098.0
112455.77
28931.3
2734350.5
113971.484
117953.54
264626.6
395350.28
81763.86
193193.08
122087.37
4562911.5
4200083.5
1259371.5
433018.4
724337.0
4867831.5
7181284.5
2329375.5
661292.06
277683.47
253753.88
30637.803
666883.2
445376.16
1131821.0
924644.3
472243.1
17476.21
2991.6963
13400.568
68758.11
148243.06
148243.06
