174520.55
18314.537
17991.691
73654.1
2621449.5
4475475.0
315041.53
23535.115
6328175.0
2936181.0
15577.493
3412.6057
442274.72
148243.06
148243.06
148243.06
443085.28
38467.273
333320.62
322487.4
1567705.8
2033373.8
5690201.5
1330950.6
2203182.5
3714919.8
80393.98
4817365.0
1937596.4
262030.72
314413.38
1415264.9
47552.73
3074948.5
6369796.5
99766.23
815134.8
247777.42
258698.95
4412642.5
565755.75
1593091.1
1662184.0
2323528.0
3140815.2
1080702.9
671769.5
2119726.2
1859606.1
450494.53
1203156.9
4240192.5
1371667.8
4078805.0
742772.94
1390073.6
648070.9
4769631.5
2162784.5
478008.62
6978327.5
732484.8
2125120.8
1632296.9
5141068.5
846826.6
3888363.2
897189.7
1419070.1
2032735.0
2090699.9
1095354.8
4529152.5
2093788.9
2511812.0
5953824.5
169777.98
79643.02
3192063.5
1042447.2
1350258.0
2073201.6
3346633.8
886647.0
3621207.5
1081346.6
4717358.5
160036.53
13444.659
13538.002
13391.616
13315.22
5655988.0
50469.008
69344.37
10733.365
386628.0
217542.36
73568.35
15491.3955
15329.044
34656.164
6543.689
21710.982
23128.377
