1835.6069
5992.3813
1250772.8
1644139.8
6003379.0
2591592.8
577670.25
2520172.8
5237332.5
1106848.5
1619144.8
1151732.8
3124409.5
372573.7
767549.6
958411.56
792402.0
1664753.8
854789.0
385360.03
1716372.2
1898852.6
598769.2
236861.92
1037761.06
1365758.4
3488.7112
2049110.0
707097.3
548915.75
655856.0
1314977.1
979055.9
1988402.2
1759094.5
1051630.5
718867.0
41144.18
1334549.0
156813.39
168932.45
599551.94
2140798.2
1747672.6
17625.719
393078.16
1406622.5
709277.56
1143834.8
1598555.9
806275.4
1835349.9
1558621.9
1107320.4
2023228.4
2054461.9
6945598.0
124769.63
1477052.5
721214.3
