14596.576
16245.33
15208.343
1135284.1
158143.39
157720.77
7560413.0
1499893.4
1576206.2
1183603.1
916355.25
1919249.9
145660.0
712358.44
798548.44
294363.0
2463607.5
334722.1
1411978.4
947547.25
1555526.2
645058.44
750820.3
56358.355
1382145.4
1644652.8
917760.4
1177101.5
1276451.4
1440653.0
1485518.0
4397287.5
196108.7
2236602.8
1944477.9
674458.1
729403.2
2927909.2
9226.997
1533156.0
7962.176
1253322.9
25211.744
316542.75
2917369.0
200507.55
76533.3
86792.89
127182.71
191440.36
232975.58
1044660.1
1426388.6
1288486.2
694651.8
1374479.1
3862159.2
2069228.4
245843.83
1433672.2
2366.272
136638.75
157720.77
157720.77
