232107.69
229435.28
217748.42
1695328.2
2204912.8
3381776.2
5141312.0
2520606.8
5029721.0
1991389.8
2749160.2
5861807.0
2487124.8
1655956.4
2146151.8
4332242.0
2194286.5
4249782.0
4371711.0
3105768.8
1330263.4
3250899.8
3113930.8
2318993.8
2725699.5
3726112.0
756536.2
3143699.2
1477070.8
4031143.0
370669.12
2094761.1
4762024.0
2508378.8
2834954.2
6101483.5
392193.2
538038.0
691310.3
867698.4
2139700.5
1242203.9
1463553.0
1815414.0
818007.44
993972.1
1730052.5
3265866.5
2750342.5
3728629.2
376771.22
1419534.9
664442.1
1762937.9
985143.2
1896910.1
308384.47
168002.33
74593.28
244472.94
