11379.864
10844.676
497343.38
413982.56
581654.25
1989752.2
186693.48
1192536.2
2804370.8
715791.3
12816.363
12501.872
148964.92
872448.3
164356.52
123866.48
290938.25
62862.26
125537.1
337197.0
762580.94
269555.78
566093.25
453119.5
381800.47
1378326.6
8083.549
765232.9
326395.47
323696.06
1151952.6
922194.1
383075.06
189051.62
411177.47
20685.906
283714.22
257416.81
818660.9
385586.34
841595.0
366913.34
288148.94
371290.88
365629.56
382217.56
572618.44
599734.7
631224.8
738756.9
44815.973
245597.81
244454.45
44613.562
1559076.9
1122130.2
40508.867
661605.25
226030.05
557562.7
136693.33
132432.89
1133793.0
36361.418
606391.2
1839705.2
19691.984
216537.14
939008.0
255609.36
246846.47
1771733.8
887217.9
862129.75
828822.5
518635.66
359137.72
56830.438
294485.94
38814.305
51156.38
34355.37
80038.42
367460.9
74649.29
241682.38
140519.02
50715.984
21097.49
1104760.6
324110.7
333080.66
206532.44
358394.3
5371173.5
74554.06
5344388.5
27571.24
31306.424
87783.836
142137.03
232121.34
37193.742
7050401.5
20597.377
29531.438
9892.641
13218.215
12005.436
