7490003.5
112510.26
62215.895
146638.84
128575.445
30312.62
115923.586
61543.984
75962.61
155447.75
142990.53
48551.24
327425.66
608657.7
439535.22
69418.836
6044.532
5826.553
536830.06
148243.06
112265.37
71383.16
152872.6
128210.12
119285.72
167768.94
952366.06
304917.9
129492.016
90137.414
266106.56
61387.305
121744.74
289074.03
313107.97
329825.5
443614.94
13001.466
971139.06
578544.75
497107.16
162902.17
77067.28
236891.45
5993107.0
279649.28
516119.75
185493.1
886064.9
372621.75
1094048.6
302603.72
372359.25
507583.56
141703.4
85880.38
303441.44
1000868.5
847880.25
1388911.8
400820.94
225812.44
277241.75
638750.5
48280.086
404208.47
394455.6
298880.12
225064.27
152991.77
300153.84
185429.23
348801.75
150694.05
423777.75
217836.06
39209.453
164382.81
130146.414
160394.08
159491.8
187055.4
66512.22
310222.03
95066.33
1660721.1
616619.4
628095.06
271645.28
63378.375
312940.03
572010.8
340153.84
576233.06
254408.0
197235.88
257128.89
598895.06
242370.5
443577.8
464143.78
500810.1
74550.96
215206.84
128647.03
200118.83
503913.8
279197.16
453610.66
