6157686.0
136178.5
4486363.0
284083.0
1821734.2
1164950.0
1995272.4
2862242.0
905247.3
923871.25
514602.66
2376039.0
4175652.8
1073806.5
1013140.9
1176764.9
785929.06
1928260.1
1182744.0
1076789.2
2357138.0
4036629.0
1484035.2
2705475.8
1740299.5
10065.223
1727351.2
161841.2
1667915.4
3303305.5
1218391.4
918908.94
2617061.2
886039.3
3289567.5
3997643.0
2031615.0
2073215.9
2989408.2
1877636.2
3220392.5
3000655.2
494786.47
3856449.0
1190741.2
828237.06
2476700.5
2527253.8
513397.03
943551.56
474920.56
1296781.4
988565.3
617337.56
105852.97
164881.62
117505.62
75993.41
72529.18
101342.1
109323.29
79647.27
312653.1
319106.62
7098.1016
7453.0625
6269.5625
108172.82
20399.016
19810.055
