11028.927
252797.05
236859.33
2002692.2
110278.734
4997384.0
271155.3
939841.5
177730.34
131461.08
351987.3
883216.2
449930.7
860566.1
255638.6
90350.6
34653.695
17515.803
10476.9
702762.25
53073.69
11060405.0
1882879.2
159401.27
10792.386
6576.221
2825.2454
46957.316
12441.056
1950.0092
3894.6584
2797.3933
247265.75
6978.2188
6717.4155
10845.18
963466.0
23347.725
11882.424
14790.438
45962.164
41265.297
159054.47
2946.3333
16913.623
39531.754
20118.115
20658.605
33536.926
23914.213
28796.29
28880.684
77939.58
1614032.9
182068.5
165689.05
192437.34
213232.08
3369435.2
13298.308
12844.811
10545.56
6946.2383
7860.4854
5626.546
4928.518
31043.588
10319.532
7418.916
10201.844
13561.995
1413865.8
69168.7
30231.012
1195254.9
100847.45
7152.8813
22715.838
36458.207
1775752.6
169096.95
176169.98
5325.8667
91717.555
27143.002
19263.42
510074.4
12056.103
14528.248
6950.2275
8057.7583
4983.6763
382316.94
23096.475
12744.11
30560.023
69579.71
148243.06
