366890.97
601887.06
533309.5
1296909.8
1212817.9
736351.75
1278032.2
206326.6
232699.92
430908.84
25155.016
16252.575
15103.439
12171.022
45926.7
25460.441
16618.293
550108.8
341979.84
3298378.2
2870612.0
266318.97
2737784.2
1986421.5
1718913.9
934887.9
6562418.0
1345005.0
780435.9
1545752.6
1861945.6
1330374.5
603565.3
1121755.0
1522513.1
1922854.4
236272.81
1884350.1
3158791.5
2204752.0
659220.8
1452099.0
45185.902
602742.6
5142372.0
1179058.2
3934745.8
634406.25
1877220.4
3545623.2
2589260.8
2574415.8
1102688.5
2210428.0
4308011.0
1247416.0
1445950.8
2043706.4
820506.94
2861386.5
667016.8
2264845.0
1210239.0
3395443.5
1226663.5
663347.0
618017.75
5750090.0
1800713.9
1877309.2
1952840.4
2490386.5
2696128.8
587703.2
6652140.5
1941428.9
1705495.0
1168846.1
2533990.8
495956.56
1427951.2
18275.852
238958.19
741380.25
8902871.0
1454764.4
2331551.8
1190412.4
802833.2
3404342.2
2811821.8
3257847.0
4207785.0
261164.45
4005051.2
382507.7
34486.656
18128.5
384390.53
288289.62
16434.352
28668.963
28471.574
15243.915
14237.724
16528.979
30813.11
