572021.2
530364.8
829726.06
6602557.5
1106803.1
965336.44
6428177.5
476673.3
3697435.5
134132.42
1838456.4
1984051.8
1165969.1
257586.86
1626261.8
1147143.6
971914.44
537492.25
29566.889
20103.826
1015946.6
513728.4
599464.6
1580346.5
112872.09
850635.5
1421610.8
1692537.0
630907.94
678997.5
513292.56
641125.9
1221283.8
840348.1
234574.03
639520.25
930097.6
1779331.8
8766664.0
239251.42
2832605.0
22044.143
1202088.2
1489530.6
1233664.8
729222.44
1342887.9
1637355.6
1373438.9
554914.44
364929.94
547669.75
3549720.8
910706.75
1269957.2
1381685.2
1046727.06
2804517.2
486941.5
17293.234
622916.7
3233724.8
799511.2
1220214.1
1271494.6
1454813.6
1222496.2
206094.84
329549.7
188597.94
225910.27
2296922.2
696926.6
1814258.4
1007190.44
291052.03
869368.3
663097.6
788205.5
337823.62
102499.02
759158.9
286118.25
1870359.2
180513.2
946765.9
1109324.0
775100.44
373667.06
3903353.2
618621.2
3095976.0
221489.1
391690.38
1049188.0
1940431.8
588343.1
1143004.9
313946.84
207499.7
223125.55
758734.25
617496.3
232990.45
817335.8
338653.97
255456.97
1887147.2
368006.94
