405648.16
122784.44
40831.055
59421.242
4816481.0
3438.6802
4644.159
2933.6523
54102.996
1747.2781
6202.74
5740.0767
573.3399
1451.1624
2244.3616
522587.97
524166.78
741672.8
103650.734
103886.164
1624883.8
671567.44
536750.94
776259.4
195644.72
82179.05
416669.44
609235.7
127047.89
901772.4
660160.56
141644.14
146267.73
580507.94
483384.34
812295.06
502240.7
1112158.9
400236.97
208699.8
142277.17
2039072.9
1412270.5
315680.38
817831.9
1281641.9
68793.36
50187.227
1053382.6
371972.12
308267.6
155235.95
17647.076
1003435.3
965233.6
1951464.4
221847.95
5155.917
1717.6796
40891.74
142883.38
280027.03
92921.414
103434.87
2420.9485
598.94
2915.3416
7850.077
4951.5527
3740.1094
3687.2314
25887.295
4074.5916
21302.186
4831.4624
5801.767
266391.22
1835157.2
153344.64
