5470108.5
622217.7
600412.6
479452.56
446591.3
454811.88
319250.8
3683128.5
17298.416
13814.73
2125978.2
103448.836
93594.94
337506.4
49649.156
3471886.8
19577.53
512108.72
1179498.6
1328403.8
2074668.6
261308.8
1401456.2
246975.75
2286441.0
414541.03
3109667.2
177602.38
1011669.2
170460.69
1021389.94
172548.95
76206.336
2418366.5
10417.205
3672001.2
114926.164
2310987.0
139362.28
1917595.2
269917.84
840869.8
1421.1771
644193.9
15182.471
2677146.2
557190.3
2001849.2
205323.4
214259.9
185290.83
155891.9
902373.6
20507.607
7361.9707
9299.908
12744.83
8960.378
11545.112
3523.1025
