2470094.0
7691.727
404478.38
4500052.0
2032704.8
1435498.0
237847.8
1840474.5
995981.3
542399.56
2570158.5
405422.9
6059151.5
2321400.2
227904.05
3219397.5
228086.47
1257736.0
1461340.5
1481523.8
1014938.5
1248923.2
4691836.5
8867.426
29864.24
1760624.8
564751.8
1960130.0
614775.1
1170049.6
391713.75
76350.91
66593.98
5763636.0
13315.336
819072.0
1785895.0
72983.12
195288.81
1251807.4
292466.16
2857297.8
2217165.8
3004343.5
4520188.0
424377.5
1341254.2
3047881.5
443196.66
51165.973
60804.965
1078364.0
2278067.0
8401423.0
353936.38
564583.56
170169.39
130641.32
138427.0
350473.38
116122.58
