9194937.0
11221.721
15757.596
25184.59
1834468.4
2888584.2
1361121.4
19514.484
2072995.0
6012.0757
935421.5
13493.163
933287.5
6024.6797
834760.1
4488.143
8367.409
1570509.4
33859.848
92362.984
136840.08
178301.61
2303284.0
1008050.8
1318574.9
1019954.44
66709.22
1525359.2
4248.9204
2267697.0
1536014.5
67805.8
165675.4
1085899.6
8487.403
886590.5
11915.578
626759.3
138998.67
2775450.2
1734345.4
28865.332
1180345.2
285166.6
189292.86
108448.375
1464417.4
78880.83
1409908.9
13385.353
63259.586
1297911.2
713328.1
175584.4
1060819.1
4766.215
1215.2206
3117.2905
1285.2865
2068.44
1941568.4
145314.27
