6207501.0
170377.78
562081.7
390985.34
131361.67
85413.234
17046724.0
390424.47
1032934.7
629409.25
3294228.5
1738023.6
72864.87
40779.035
313192.12
635067.94
92192.76
868361.2
783237.6
3629312.0
2479795.2
2627387.5
1124390.4
2791695.5
484621.34
371521.12
41178.09
455865.34
1550156.6
2160210.0
1129424.1
984005.8
96376.51
563570.75
659108.1
939238.6
1441574.5
2024660.8
1417427.9
762504.3
1044222.7
387876.84
1070814.9
428694.72
272972.28
773412.1
496085.78
593229.75
942177.8
826076.5
484134.8
168249.36
1744691.1
937668.06
1055808.4
1785867.2
2012614.5
3825924.8
565019.9
168903.33
1788545.2
2576144.2
2534258.5
2150021.5
2469975.2
1300684.5
542127.1
509513.88
564767.2
318997.72
1223255.2
1648087.2
239897.62
361159.72
1073652.0
592433.06
538205.9
796650.5
237587.16
182448.08
75111.71
244706.25
50503.027
50187.887
117108.71
32254.797
136938.8
175522.53
75572.8
162631.05
2082326.1
2349906.2
1115204.4
1155072.0
253907.98
1436874.9
187271.83
137154.47
866595.7
