3579.4844
264879.22
534336.06
683835.1
271005.4
2373893.0
541938.44
810028.8
292932.03
2119756.2
50171.684
205266.38
596749.8
1022831.6
218657.11
1296321.8
1797161.6
146359.39
2407130.2
524324.1
2852271.0
487154.06
384581.38
380586.7
1050695.9
592716.0
1112969.8
2438217.0
411199.56
575953.4
923502.3
830276.6
1354305.9
1433940.1
352085.47
718255.7
189256.11
52904.984
386700.0
1317633.9
1247386.4
101084.45
372877.88
143992.16
72820.98
2194.673
825.6749
1667.424
829.7635
768.4689
1277.4567
583313.6
148243.06
