148243.06
9928332.0
52174.27
37752.53
34376.254
93664.59
267205.0
81592.79
161086.25
1866.6056
14997.493
491274.62
9583350.0
2141361.2
439488.1
3112993.0
13686.975
292911.0
12828.162
1406853.9
440829.03
1061710.8
76041.32
4841735.0
1635142.0
618176.5
1999.4768
3734.6934
2343.8616
2355.327
1708340.2
1235.0278
3432.3132
2398.221
71690.625
2892.0376
9331.747
4015.1152
6588.566
4658.0034
1989.5677
1772.6135
5746.818
378.9542
1496.3073
3509.9197
5336.6064
5183.199
1733.1963
1829829.1
30889.51
50575.85
17871.059
376916.94
217738.55
3743457.8
12388.618
17730.318
12351.11
12351.11
12351.11
12351.11
486555.8
21080.477
21060.426
19101.906
200599.77
110072.09
59311.96
11665.335
9599.815
