125150.13
45890.004
2102398.2
2088001.5
66559.086
9897.406
57065.418
2376013.2
198556.28
360813.72
2057.8557
1559710.1
848745.4
106256.8
933112.3
357189.7
5336.352
1654.6969
5972.4785
1951367.2
2220325.5
1783.7074
1686264.0
46599.56
1024617.9
32071.746
930547.3
2379.3745
1961.9764
2785.0159
619733.1
1333312.4
5460.8335
4409.34
1369016.5
115557.45
886469.56
6288.5913
17866.43
32823.227
75684.016
20519.627
45837.047
63287.543
126936.086
384617.22
3321.041
6856154.0
735.9883
1171104.6
206858.22
1066599.6
1163977.4
1031779.0
4797.125
594.4256
986.4491
1728293.0
16744.158
181380.69
148243.06
