95975.48
8657722.0
4023.8718
1088509.9
5670.187
421575.7
13724.441
30694.69
1316134.4
275012.7
10913524.0
1201036.0
243082.89
5709875.5
9851018.0
1273873.5
14045.845
1804087.6
60202.926
8751.553
19068.535
27196.62
501467.16
34705.16
2215235.2
11102.28
47171.19
2325631.5
82717.516
2945036.0
789473.1
1321862.5
2088740.1
2336233.8
703813.9
3858485.2
9275378.0
111267.914
1173153.6
207398.12
8626097.0
3209642.8
1823843.6
2241527.8
63489.746
218315.48
578635.8
186469.19
165539.25
255089.72
787065.3
377817.12
8349554.0
545442.6
786531.44
1122408.1
206572.56
397735.5
127783.87
9627264.0
1531974.1
1526780.0
1050656.1
3154356.8
528056.25
93213.75
22772.006
5130014.5
1148088.1
287671.4
1902606.0
836841.5
124274.27
959239.5
883569.7
345796.16
42528.176
71072.734
105336.35
11387074.0
161037.05
91872.31
547113.25
45130.77
88140.664
708758.94
196692.5
101943.945
46256.69
195504.39
