148243.06
1022418.56
300084.2
893537.75
1203952.5
476982.22
1243006.9
1114688.5
38075.973
252500.9
185758.02
497467.0
370253.06
156024.45
435639.28
318960.4
30237.201
1208415.8
33521.008
9787.449
1695105.6
684207.44
217786.22
107960.52
70652.91
14952.039
330657.5
121387.875
1151672.0
36277.164
57374.773
23772.795
259320.2
39972.594
5623.078
816830.2
150495.03
8488.809
26083.07
233370.69
149619.1
1098599.9
20704.248
14609.688
15571.225
1590984.5
8903.091
769903.9
8976.521
449993.47
440300.38
43584.48
743854.3
1093025.0
18311.041
832457.4
78759.21
22292.773
163277.97
703660.06
282241.4
2341514.8
19503.033
468492.75
343910.94
362566.12
1955857.8
2702.603
2157181.8
1755593.8
36345.832
504318.4
21069.066
7573.3584
27098.705
5377.216
29788.838
324863.75
354641.88
1760692.6
192888.06
277418.88
544203.0
138492.75
132603.55
1050210.4
1136301.1
89097.49
54305.19
507851.2
330764.84
122693.12
18980.604
183801.53
628079.4
148243.06
148243.06
