6803977.0
316978.66
254238.61
188839.6
1121547.0
1191998.6
3355261.2
1730377.5
2663741.5
3009730.0
1822084.2
79818.04
570554.1
8640371.0
1969480.8
1026513.4
865700.3
1148161.9
509879.5
904965.1
1927562.9
244423.8
4015546.5
891621.44
2476579.2
2054643.0
93950.26
4750602.0
452263.72
1180927.0
1400111.6
2245526.2
1200079.6
7147544.5
605868.5
1399667.1
1222127.6
2916002.5
1348137.2
2414234.2
1272793.9
4223887.0
873258.75
2987021.8
492617.2
378212.62
1395405.5
297436.56
2303453.8
83128.14
116933.6
165177.33
471768.25
1598895.8
1405463.0
2597102.0
2157552.0
1068516.9
17852.232
1697805.1
428117.2
1241163.1
901195.94
11273.604
2133454.5
833823.8
16148.238
150245.92
