5807281.0
606366.75
1723551.8
76763.1
91223.76
237896.94
8421.788
741431.5
528496.9
520731.25
1410603.9
314472.9
1036781.6
413382.28
661220.25
411750.56
1208708.1
273414.28
985365.06
2601191.5
899047.5
1179989.0
982365.7
1020342.44
672442.25
847289.1
685573.06
2376310.0
174469.1
1499999.1
2006004.6
1183236.9
1116034.4
512860.0
1472173.5
894531.44
1602279.6
305152.75
167083.31
893180.1
415291.72
664260.5
927405.2
1364954.5
726828.5
606470.44
1877327.0
1282067.0
356251.9
1240767.8
744802.1
2231655.2
925666.25
246193.69
1148463.8
2201086.2
866297.06
853262.7
762712.94
64608.16
