48734.98
184916.73
412078.03
665519.1
975256.3
312018.7
345809.56
479924.5
685046.56
608490.1
519787.75
1363015.5
893130.44
505566.3
1114823.9
139418.6
2183759.5
647477.4
343309.0
446925.44
281751.12
355275.3
643761.5
289973.3
1913605.8
228995.77
233309.69
539632.9
185010.62
158433.52
532629.44
683654.75
145372.47
385656.12
829039.1
184903.86
208445.22
2356566.5
1385494.0
529966.1
1104419.6
81993.414
837595.06
707971.2
172270.1
3000501.5
377914.66
760964.06
621479.2
705850.25
343739.8
612336.5
807289.75
217086.75
350503.84
1009110.5
113716.266
1157528.4
200909.5
1101476.4
737611.9
1882859.8
577648.3
1083296.1
420387.47
657132.8
142815.4
226382.62
768216.3
194469.14
762007.06
402896.0
918840.56
1909833.8
256088.62
1222919.0
547874.56
807960.9
749499.9
390988.84
137449.38
140196.58
138196.0
256473.78
2709539.2
169978.75
99019.52
60750.973
241580.83
123026.93
