173002.48
211453.64
311502.06
433601.3
1689640.5
3540385.5
2046182.4
800780.75
473757.6
319729.44
5374424.5
786413.9
3966541.5
880257.06
546169.2
277505.47
882797.75
1705997.5
1104594.4
425914.16
1306573.9
4135093.0
1004051.25
1048581.1
556654.5
412726.5
1099372.2
1182448.0
661187.5
5566136.0
10478.335
713494.56
43331.95
98557.47
357808.78
1311409.2
994475.1
2384008.0
1524118.6
1483190.1
1493897.5
1199835.1
1670456.8
4176407.2
228658.9
565222.0
1674561.4
4092507.2
2870928.2
1637178.0
635099.56
2075194.4
1066496.1
2768440.2
265564.53
359590.94
1323734.0
10940.235
491640.5
1319786.5
2440355.2
2029530.6
2010488.4
17653.713
5177240.5
710631.94
1376718.6
1062909.8
1345409.5
36486.22
167478.47
22616.928
48691.65
1485417.9
6947669.0
1390723.8
778071.0
7856748.5
1287677.5
1678107.1
11619.604
657504.5
899776.94
740770.0
360966.12
270531.22
140490.9
59916.81
466035.62
1818993.2
