148243.06
2985102.5
19064.945
172989.52
65103.555
158578.1
111351.44
114583.82
106835.55
493424.5
362723.66
264833.53
430543.0
1231960.4
1118655.2
35644.176
285738.84
452475.34
609149.25
619736.2
527462.4
1581224.9
650865.5
943552.56
292770.8
449928.16
3404185.5
802169.3
2314748.5
324915.3
522548.4
159325.2
466330.53
2028707.5
215036.33
358755.34
532359.6
40883.934
2431761.5
147932.73
103245.45
1342391.9
529998.25
59793.04
1023107.25
2412680.5
815046.0
185242.64
323825.25
1870959.4
1528953.9
177834.6
2883176.0
34417.113
57319.58
25149.271
27885.969
865876.0
164309.62
659616.56
146630.58
147018.88
