148243.06
258584.58
73961.04
45543.477
2105643.2
99207.49
51629.184
254387.11
242392.28
393878.84
483823.78
10851069.0
1144964.2
2294163.8
573781.3
311854.4
6843166.5
534114.44
437158.47
8735067.0
688089.7
1014845.0
1218196.8
2052414.5
598728.0
476556.72
194762.16
72601.164
352202.53
2769739.2
2385900.0
5325457.5
466713.38
583771.7
9308435.0
326610.16
2724268.5
8038582.0
479889.38
1135811.5
4188565.0
911358.25
835171.7
762431.6
1736444.4
752308.6
1469914.2
2272639.0
1405658.0
4162470.0
828722.9
2186996.0
879702.2
9241280.0
3066566.8
1148715.4
2088473.2
3649469.0
634953.7
682797.7
1461204.9
418664.22
219386.4
867764.2
8802224.0
383178.88
978052.2
1876017.5
1493249.2
522793.47
538647.94
8610747.0
1071255.6
33744.85
17396.158
15659.475
61049.13
9861.609
18133.482
1825830.8
148243.06
148243.06
