4216962.5
997220.25
39632.855
1012295.6
1379391.6
453355.0
329557.78
892850.2
1443882.5
2585877.2
1565518.6
67604.28
6187855.5
1075957.4
641745.25
1929291.5
3932397.5
3286867.8
41316.37
1476899.2
752583.0
4671613.0
2328616.0
1060693.0
17191.371
35444.94
677979.4
1201676.2
1981537.6
2511596.2
31973.979
3426273.0
63315.867
92220.836
24875.004
2158694.5
1827120.0
4941926.5
1856059.2
62503.375
35781.47
368418.1
6805328.5
62371.59
1592488.1
1238482.6
145014.83
1224109.9
3378050.2
387149.56
896734.06
3015213.2
18649.883
1374697.1
966335.75
641126.44
4352195.0
28287.271
3172489.0
1003183.0
68457.13
447237.5
164092.38
4684428.5
1204481.9
1098826.0
4015816.8
490228.44
8225720.5
194405.78
6863.4946
9191.142
8198.93
8682.633
