17224.336
147252.27
9992.594
109575.87
3169840.8
45164.645
9236.578
34814.59
57987.434
745524.94
137356.73
180384.92
214405.23
1233418.2
23857.988
73107.22
76533.11
263497.75
1339940.2
222022.92
6547942.0
9045.519
6023.6143
224543.97
5204768.5
1098667.2
505852.62
2855655.8
834195.8
3955451.0
1146920.5
1459551.9
684422.44
1680046.9
295563.6
791220.1
1656260.6
711462.1
1828794.4
1109628.8
1699249.5
520117.5
1300267.2
2295905.2
150143.34
156198.7
172928.1
903093.1
37957.215
4441508.0
198821.14
6077.25
1503019.1
446663.38
28493.924
36673.965
5030.4946
14875.504
19740.738
48267.42
13285.144
15529.277
66584.055
43634.508
81806.05
5964.847
4231.4106
7219.076
1016.71436
