9739.596
32850.69
286591.1
1969707.8
4729148.0
3789899.0
78629.8
877138.0
1072406.2
2066445.5
268580.28
13801.009
4465785.0
540712.5
116989.5
52106.28
283825.88
7107243.0
342821.2
3626253.0
557497.5
972169.44
37424.844
260030.95
10834904.0
48946.086
100445.97
6703742.0
18181.152
9426970.0
506226.78
1050864.4
517474.25
7048673.5
9281254.0
1729564.6
256428.34
978139.6
7366088.0
6765660.5
289685.16
6995566.0
5173188.0
1297860.5
1780150.5
5471458.5
1290467.1
4967791.5
8178.663
118279.84
4632805.0
402336.5
259513.62
201441.81
223335.48
80272.07
114090.02
1959981.0
52538.996
238530.45
497550.66
418396.66
46143.67
90305.414
91116.695
138915.08
85673.16
27549.05
45353.176
41864.38
40927.15
161235.66
877817.56
775.46576
77493.26
21979.465
4786.168
1496017.1
318561.72
41471.78
