1722747.8
881757.5
1555881.1
3087090.8
1796134.1
32514.457
3361598.8
2535549.0
1342461.0
718952.4
1080741.1
828103.06
1421364.8
916802.25
193184.28
7916362.5
7791019.0
1032161.94
378349.44
3030312.5
3842834.2
386192.7
8791106.0
3226279.8
2684184.0
539190.3
1414611.2
990269.0
999754.25
453463.66
1330828.9
1002530.44
2075323.5
1473141.8
1835585.2
437763.38
486940.38
2066227.8
1793675.1
2780508.2
863239.3
3482694.5
2778755.0
9382110.0
777958.56
676179.9
2966504.0
340011.47
1906589.0
930948.6
4332521.5
231991.69
2296727.0
4817068.5
2962388.0
2461765.8
2230800.5
1940477.4
8176259.0
811989.4
1674566.8
6333812.5
460204.25
223908.42
5205771.5
2590676.5
2076290.5
121009.98
805750.0
1030775.94
655835.3
457089.16
35331.484
339055.0
