236042.56
603448.5
479495.66
476414.75
1217853.8
4513073.5
1352599.6
510683.0
10170.233
9793.347
373510.0
44072.766
239397.6
151254.7
36882.875
11084.736
1136201.9
253333.42
1668664.1
14981.327
26458.795
3165076.8
1978914.6
1000885.75
527165.25
2812960.0
2365868.5
64039.84
38332.35
1241472.1
860618.44
808793.8
364398.5
1255157.1
753187.56
302146.75
2038267.0
3831888.5
2455736.2
230359.84
402271.34
841245.2
1132717.0
1690461.9
47509.004
123333.1
4093990.0
6166.589
4234.292
9154.868
727193.7
383124.75
32884.273
347483.8
142017.66
23635.79
7492772.0
102918.65
59806.875
6551264.0
332679.1
592082.8
483007.44
479747.0
1685296.5
2944914.0
1329170.6
831798.06
12760.602
8896.486
1522924.1
279688.78
205417.73
1355407.2
27836.402
2754111.0
1858258.1
858734.3
821138.75
2707091.8
1798392.0
3804471.5
67834.27
1752862.6
697081.2
709328.56
373980.97
1064552.1
1215480.2
358809.38
1918289.9
2475528.5
1796389.2
244660.02
457117.1
843889.44
400774.47
1757947.1
38020.438
130025.5
3883762.2
9089.619
4366.955
8505.768
728768.3
