54212.91
184055.06
1575246.0
723128.1
570552.0
629205.56
276521.38
15281.801
464515.53
113771.5
305137.97
229711.75
23519.643
715268.44
155772.27
182951.73
131154.62
453134.44
171218.1
385351.28
347192.84
423328.97
209529.88
247677.12
1200936.6
207411.11
561088.94
38484.52
1221669.5
720945.44
55205.87
3151.745
138825.72
646892.1
1365798.0
253325.06
38218.26
703625.7
184612.75
146842.19
646352.5
393891.97
414861.28
81176.984
554885.6
290980.56
186334.33
451263.16
601408.5
120051.56
347547.56
161472.47
184604.62
236279.69
3120029.8
634923.9
160711.97
134335.39
152287.73
949470.1
285071.25
358396.3
51774.285
942075.56
346409.84
303999.06
354864.66
633167.44
585893.1
284916.72
8825.096
19939.514
858582.06
288562.9
152615.34
434908.25
630966.94
1115043.9
154251.61
28158.828
258318.55
156303.39
261358.34
482917.44
206306.89
329254.72
20702.443
109856.55
344708.12
376192.1
384491.78
476761.2
405465.34
259030.88
160733.44
3936.1172
