119838.26
268710.06
15585.267
2919713.8
4221.0522
4150.0522
25718.85
2508.4395
12098.526
5353.0894
10105.273
15649.838
46438.625
21512.34
8844.483
10069.1
9063.425
3880.7256
8908.883
7266.031
39109.996
33809.46
20200.15
2394.9224
17138.525
20207.576
12956.097
37533.93
18700.107
7828.2505
23164.205
48057.21
22764.879
7416.4287
34693.223
2224.754
3842.9333
2952.731
3903.2693
53772.61
17319.732
2611.0488
9459.126
95575.97
8596.293
6327.7188
7386.907
49291.668
10149.578
15790.409
19256.922
2814.5466
3267.3289
6329.588
73837.64
6933.802
7563.455
3721.804
3977.557
4603.834
31630.102
153099.56
222558.78
975057.75
1710.0966
1319.2723
1069.8928
2966.4336
3811.7805
974.5917
996.6312
999.8752
