1743868.1
1033046.8
364403.88
1099132.2
1537611.0
1157171.5
1329130.2
1353068.4
581790.4
1418929.6
2532153.5
1306407.6
1261463.2
587802.94
3551967.2
608916.6
1674018.8
2420485.5
174436.72
2361392.0
2198297.8
301484.66
2966246.5
474073.78
771782.7
2973020.2
6298490.5
655140.06
1315155.5
440685.9
1605997.1
895830.7
3046950.8
2354528.5
1474997.9
3001538.5
311589.28
443988.28
926101.3
527268.2
558644.2
674099.75
1751502.1
1053151.4
461033.25
2214127.5
911907.7
344846.75
505194.4
1554693.4
906064.3
916546.94
1092027.9
1049977.4
766779.9
1860715.6
624036.8
259526.61
416666.7
431714.12
345855.88
