276675.88
399574.22
840781.3
270754.66
3232821.2
3262542.2
893778.9
1516694.8
1103954.0
1196974.4
1264634.4
383818.53
4190161.2
32113.139
5409687.5
1586478.4
291821.34
57727.176
2270636.8
232636.12
282911.62
732779.75
3004773.2
1099588.9
48274.82
4444251.5
1051320.2
2208300.8
875721.9
27789.078
942096.4
574192.44
1433137.2
5119177.0
448014.66
1214025.6
487809.88
321405.7
866322.4
1008039.6
7228428.0
1295085.9
681462.6
759343.56
1830338.2
2056325.5
2122784.0
463462.56
732642.94
678800.9
1768517.5
1545935.9
790699.06
1922715.0
461057.9
146805.67
5549666.0
132705.92
342890.72
56258.66
210242.8
