4345812.0
1214735.6
1325101.2
3287114.2
254467.44
338393.56
145738.89
1598655.8
3682425.0
154724.02
1500012.8
429313.5
2113338.5
2804663.0
343300.1
1845229.6
1351603.2
816421.44
1216224.5
744654.1
3877847.8
33070.94
1166521.6
2801044.2
1128947.6
716291.3
683763.1
6183404.0
681324.9
1064175.9
2755658.5
1218296.5
1046112.94
2036327.6
371453.6
7195329.0
2222012.2
1715616.8
3855889.2
1414120.8
1138962.5
1223997.5
952264.44
1560127.1
1227731.4
2649890.0
1517308.8
1818443.8
962037.94
301836.6
5319410.5
1827344.8
3256108.5
276648.44
445593.88
195311.03
21812.396
1906.4503
639.91534
466098.34
