1808112.9
17650.168
1234888.9
531316.1
438991.53
278952.4
815413.94
507190.7
335680.72
780732.44
589396.0
169818.36
278221.38
394744.7
502162.56
433839.12
797525.94
1420781.8
255557.4
392641.03
11192.012
2060064.5
1359566.8
841313.5
133695.66
98405.836
491976.6
525009.1
234840.39
268330.47
179269.77
141882.94
468665.03
371368.78
524236.7
867362.56
91728.44
37501.23
393895.72
28577.162
515138.22
482825.62
232647.75
362687.3
640912.1
1116679.1
214906.12
311338.06
299912.1
323843.6
143707.7
626093.1
84128.12
275628.75
279973.72
283958.44
4592.5835
1393974.4
2153570.2
27975.848
