2098732.8
132673.22
77411.79
459269.3
372937.7
159460.36
73712.55
43535.727
10620.137
58140.688
57973.008
1011368.4
55409.754
33569.125
357720.16
587013.44
878970.2
32348.346
27714.035
2547901.0
313618.22
532828.3
175053.88
22991.598
12017.095
230496.75
4882685.5
283315.03
167056.45
241772.38
2046294.8
1637446.6
4874.572
123485.9
542869.44
207134.83
442275.7
46353.305
40694.457
44202.28
98046.625
595301.4
1396988.1
728231.0
983179.94
2540603.8
2743219.0
1293856.0
1463833.6
2017.8036
1749.444
1749.444
1749.444
1749.444
1749.444
1749.444
1749.444
1749.444
1749.444
1749.444
