13857454.0
227139.12
1945008.2
1279835.4
1954623.4
728979.5
1925456.8
1979353.8
2181851.0
148759.39
1134119.1
2318116.2
845517.3
1120837.1
2539999.2
1214567.8
5232329.0
895321.1
1795515.5
1091584.5
4798399.0
858042.9
596883.75
723815.4
1638159.9
1292656.9
1287668.5
1296840.0
2857332.8
616256.0
341116.8
4331850.5
1822850.6
5220277.5
5687804.0
3252438.5
1350229.4
2996171.0
1377833.6
815724.44
2419369.0
3070077.2
4382524.0
2414783.0
2748409.8
812784.6
1284185.0
478123.5
2634324.8
910706.06
1532477.1
1394523.1
851555.6
5770982.0
574244.7
2185769.0
454511.06
529779.9
1400489.8
259386.72
1299239.9
748229.56
1794799.0
1238781.6
2747497.5
2078149.9
2599678.2
973552.56
1138390.4
1086736.9
74027.89
1016273.75
549707.8
454372.06
2886895.5
4282683.5
397158.75
920443.94
1668498.8
643821.75
2805289.8
736516.44
585378.7
680956.0
230863.5
1892776.4
4746824.0
652428.2
8719.675
6142.9727
243190.77
127467.05
