6110646.5
1147201.0
355912.8
204252.47
676930.4
1093775.6
485837.44
5796369.5
989127.4
1552271.1
638335.06
150146.55
570787.94
93092.836
933780.7
1088872.5
3443723.2
2500363.5
3354183.0
3712038.2
2114806.8
1559743.4
863640.25
2735197.5
2829331.2
1298872.4
1708479.5
2702824.0
323450.88
1634403.6
2186766.0
2083923.8
1415937.1
1396836.4
2025594.8
1635633.4
3065571.0
2719861.5
717151.06
5261646.0
6668866.5
751374.2
2267527.8
4022102.0
2042177.5
730425.9
1515439.6
2282262.5
1605650.5
187213.1
224254.5
215175.73
190140.44
363738.66
435468.47
1237693.2
1761431.1
611069.5
553763.1
749150.9
413711.38
539460.75
856953.7
