1512127.4
1237679.4
1479303.4
1593967.8
2247532.2
507352.03
472849.2
1298743.9
4761570.5
3231343.5
2562066.5
1543070.2
1580582.4
3591740.2
2491452.8
654901.94
2238814.8
613776.94
2052548.5
2573811.8
3027324.2
2139686.8
1513243.4
1364716.6
506341.38
2538322.2
319683.2
335431.4
769892.7
1117330.2
442809.12
981498.3
1971002.9
296732.3
456083.88
1959920.4
543992.94
765735.3
77676.17
1284585.4
804701.44
1790154.1
1795779.9
1551106.5
2739794.5
3503086.2
1701381.2
1103092.4
1319033.0
959221.1
546667.6
1318591.4
2727843.2
255957.14
1835014.1
2787734.0
477712.1
1043674.4
1904852.9
812344.3
633191.2
279915.75
1140404.6
185504.64
