58688.605
62151.812
2405718.5
240221.23
252992.8
1378527.8
177016.56
118696.02
176912.31
457893.12
625992.4
693520.6
3001770.8
2349311.5
956774.7
359143.72
261569.16
119494.06
3159444.0
37002.65
5945.696
41908.72
211217.27
71147.73
1009623.0
276780.66
996788.9
463117.75
6198.7124
365690.9
283140.0
117987.71
1516515.0
35960.074
39659.418
1100716.2
1763297.8
92082.625
41991.64
2621166.2
45854.223
68961.31
538506.3
1946280.6
19158.15
1133530.6
898156.75
3926444.8
3004482.2
165467.28
123876.88
123324.86
652169.56
509782.28
1331882.6
379753.53
200124.53
21718.285
28677.295
32400.46
20122.201
19645.787
136393.34
