5793454.0
913524.4
408600.03
797340.25
781937.94
431975.38
621238.7
656774.75
237191.27
227654.44
1121986.5
799617.25
1703378.5
1317415.0
496206.62
16119.963
724437.44
7024501.0
692691.1
1054707.9
1306203.5
1779310.2
2354521.5
426061.5
772112.75
1101941.8
312994.47
1196209.6
668100.2
487262.78
1572781.6
932681.1
2812799.0
43766.277
1025660.3
406784.53
491695.28
1198650.2
1261542.8
1168310.1
1338304.8
1560880.4
901208.5
1160930.2
15975.768
1558200.9
705390.25
1867134.4
55942.996
57209.47
427787.44
157748.12
