234956.0
147663.56
242309.66
2271012.0
159621.4
136279.44
1086219.8
11400.465
13080.038
17996.412
1251.0342
11706.381
24875.387
72949.71
27497.238
49604.004
24400.748
17780.033
1921626.2
5628.1772
10981.518
11078.59
1155556.0
692433.06
166551.81
965846.3
15367.452
11986.586
2436900.0
1686515.1
2537008.0
3262675.5
1862690.9
1423141.4
739941.25
460076.16
2186641.0
8616.631
734.815
3680.2878
14847.996
12056.825
1402323.1
539315.9
271750.75
299022.78
502340.12
7326.7446
1465555.1
2121.38
9591.924
7721.1865
1275768.1
345.49014
5485.0645
100571.88
30823.473
12564.157
159324.73
26740.65
2022.4019
219776.31
7299.8936
12365.763
19393.502
1638397.6
4440851.5
766247.6
1939734.6
217957.36
430362.16
337023.28
1320449.8
2697.4768
13761.832
10799.418
23034.504
110459.71
1490842.8
13010.485
11478.19
14527.594
4815.589
3217517.0
1309789.0
903574.94
97556.46
259627.97
23996.959
62935.035
210651.22
295295.12
257821.25
428197.0
20777.617
269716.1
7699.9097
7064.1055
12695.509
5111.9077
8207.178
19460.379
18315.29
5015.3833
