517169.34
453031.16
143125.23
490945.44
380732.84
1812147.0
2433718.2
395019.7
108561.07
396788.94
1205096.5
848883.56
2626896.2
1787390.9
237440.27
187680.44
186987.52
151640.2
153322.75
1818253.8
1739209.1
185019.77
644339.6
833303.6
1448792.6
375877.62
667596.9
283153.8
417746.38
734441.44
1414577.1
242356.77
1155480.5
417824.9
627186.44
1364709.2
3625325.0
2972958.2
2226249.8
1135789.0
71246.98
132232.31
1016495.7
436606.8
240292.19
1140168.8
31903.416
419924.16
246507.53
3610003.0
527810.8
887895.4
765550.06
353033.88
345663.94
389479.97
11517.712
16955.861
25343.412
561894.94
