1585160.0
976886.06
1153582.2
1889384.2
2196929.2
514072.28
144497.97
199985.83
418115.9
218387.2
255802.28
267875.34
1792702.5
594974.06
905058.4
1171340.4
1479275.6
1999290.9
905570.9
904052.25
975717.1
1601432.5
905203.94
415421.12
758410.1
1020717.44
902278.5
1713903.1
225363.83
428762.4
333568.06
776932.4
282969.56
1799164.8
998719.44
210060.67
536678.06
47868.348
1090594.1
59500.22
388934.78
344453.03
1839808.4
3551.6
573.9874
2575355.8
449904.12
207706.61
50443.203
5585645.0
7811.437
5675.413
