95191.34
156726.62
2883810.0
154892.58
118856.74
62467.844
59048.684
57048.06
1690661.6
328569.06
809297.25
11829.594
205489.53
125253.71
136660.34
50901.52
1910432.4
109054.72
31975.62
5169.0396
3437.8132
2259575.5
235624.56
1756063.0
521109.44
2742531.2
664405.25
135698.1
8439.513
63394.69
41165.105
253578.1
2970296.0
733370.06
247070.47
151122.03
37048.645
122785.29
1174984.8
1846208.0
6068740.0
221264.14
489675.84
1838272.0
612059.44
259027.56
313573.9
525239.5
356914.5
656372.7
1869788.4
4939.8413
26593.055
11773.139
10297.939
16014.616
3506386.8
4467.915
4003.6052
5145.719
1517280.9
8272.098
8392.55
2516151.0
807324.94
325929.03
75985.164
6946178.0
755523.0
448271.5
221120.95
11606.923
6693.135
8861.327
60029.53
119712.9
9541.302
5603.708
3986.0085
4696.2583
