4114037.5
47458.24
761498.2
311631.28
1202584.6
5926207.5
3313253.0
1356157.8
154186.9
1629044.8
1345250.5
1947914.5
1480454.8
1970429.4
2662464.2
3052482.5
242485.56
6632617.0
594761.8
66882.06
691087.25
407671.84
2949258.5
1386749.6
568231.4
2533218.2
95656.45
4112025.8
1310532.1
524637.5
693224.75
1555332.6
972554.25
1285782.9
6012142.0
1070672.8
614942.8
1122594.4
399899.16
1734939.9
2459626.0
1294551.2
4460894.5
1723474.6
1013720.6
453563.22
376599.78
1716037.4
631895.5
684641.0
2410965.2
1161402.0
1729677.1
960520.6
3717267.2
78327.11
2458858.0
858072.3
2668521.8
241684.38
369344.06
148243.06
