7551465.0
15321.759
19416.139
67439.94
2419977.5
31379.363
1735252.8
1468753.5
1942296.9
28984.91
571422.8
1800358.9
1784244.9
13633.028
1740.7817
47484.117
12332068.0
1404317.2
567582.75
3086.7317
846123.8
765243.94
191328.92
3941392.0
1016243.0
5528178.0
100356.06
980009.3
4710007.5
207361.28
64447.13
153232.02
10266956.0
1543.711
6023.6436
1171.9459
3146.685
586.9819
3784.81
1351.7943
4024.6248
1223918.1
474206.38
616397.0
48033.336
20711.023
73330.64
73731.53
1994710.6
60356.08
3272331.5
3031828.0
1693596.0
589728.4
1590537.5
385872.72
1226200.1
2555876.0
11294.953
2220.758
3789.2153
1707.0579
190695.05
