179478.72
297927.6
300406.75
604331.9
702293.94
397526.78
382360.56
394904.84
177308.17
177308.17
177308.17
609058.6
140835.88
173800.67
255413.75
535694.3
239306.0
122086.05
150195.77
480476.38
113758.61
431231.8
102665.03
125401.69
1044458.94
119653.27
195828.44
543439.9
104419.76
101398.06
468892.06
222043.84
129685.766
284326.44
449298.56
92458.46
272762.1
201299.28
564906.94
77546.41
348763.4
437892.84
378534.4
177308.17
177308.17
227006.89
41588.895
293833.6
60735.312
319480.2
239556.97
279983.7
200542.06
59942.254
91322.66
318723.9
156975.97
1169194.8
756512.8
16718.64
16089.109
16089.109
16089.109
16089.109
368773.34
