479682.0
100837.79
694720.06
92450.375
255503.44
1107830.8
57366.664
25170.15
17837.826
11124.9375
9455.73
9707.976
13155.645
11869.607
41105.81
10786.244
7107.863
10594.533
34022.777
11782.359
330610.5
74191.33
200603.3
181609.81
307912.25
202285.2
22184.916
150102.4
724734.5
509091.12
30677.555
568636.56
461494.28
517573.94
93191.234
68579.78
29576.055
13418.205
9595.891
20871.713
19615.822
21053.883
24174.314
356481.34
134068.3
1428776.8
76022.39
531056.44
19276.271
28738.648
782779.6
362827.12
169726.33
48280.133
252076.56
115496.44
90027.24
184751.39
196668.55
61190.676
95550.67
179603.94
127872.85
77839.234
86078.62
1033782.4
166856.52
750962.9
14682.074
210298.95
7681.6133
7564.0703
197086.94
227967.61
121854.61
1129076.4
204656.06
305268.9
31007.064
219510.81
1391811.8
3542.8665
1643.2335
2404.225
512.7553
951.13684
2018.3025
384.59015
1277.8558
