1119837.1
1269938.4
404063.25
4303313.5
354901.53
3665752.5
2304474.8
235724.62
1505753.1
1763538.4
1998795.2
129090.945
943409.3
1033565.44
2135593.2
2952777.0
1737374.5
3607433.5
1483553.2
4955046.0
533427.56
929134.06
555849.0
287117.06
360389.8
41455.85
426620.28
100025.87
13869.663
894363.6
251707.8
110639.87
134651.47
199579.17
35762.77
2276892.5
2875673.8
86108.52
457436.88
1778349.8
3396121.8
620133.3
3003810.0
468708.34
1638901.0
2457564.2
196383.16
2528529.8
3288880.0
876089.1
719268.9
2586694.5
2932353.5
313720.3
182682.28
3392849.8
564775.8
2245485.5
3568795.2
1657339.1
1532495.2
2343058.8
1183705.0
2887880.5
5130421.5
3538879.2
799942.9
240220.16
7023976.5
136764.62
382155.3
786393.56
298787.16
162802.62
226569.12
147778.22
174234.52
748761.4
7747864.0
2161266.8
2208968.0
2253584.2
481458.2
3616003.2
1124266.9
256659.88
274961.25
861167.44
556182.75
193775.4
1185176.2
148243.06
