220858.95
408290.62
473846.34
846013.7
80348.78
1489363.6
1270846.4
288477.72
249568.56
435949.97
3083346.8
661886.94
591638.2
1585819.0
317830.88
569573.6
3008756.2
1584487.1
887680.5
2448127.2
593213.4
919105.44
1055205.5
1178034.8
772363.3
647370.56
1716543.4
772465.56
760519.75
144900.14
484133.38
2180777.8
328741.3
862279.4
163340.9
423236.06
1974761.0
333323.9
340740.88
165649.14
5300243.5
565855.1
1406256.8
1477565.1
1471374.9
115382.43
508660.88
157582.1
2015884.0
377157.38
207562.64
493356.66
5897698.5
460220.44
1016862.06
1264333.9
2435793.5
518208.03
997498.9
444905.94
373643.5
347440.53
1377592.1
127772.92
2107736.8
1781482.5
1149030.6
697200.9
267614.0
77714.68
56521.883
30299.508
22812.047
24121.389
