1607549.8
1472190.2
831196.8
1791880.2
394999.4
97998.73
665196.44
46301.516
238596.23
995671.5
136955.36
592698.2
49121.688
102896.03
384475.6
364477.62
1487723.9
166534.94
337600.66
303418.8
2065588.0
262030.33
867726.06
560210.44
561652.44
2827072.0
586414.0
1944195.2
245540.33
454367.75
217302.64
292964.0
984945.94
377794.06
2015730.4
259364.38
257372.86
343252.16
216942.1
1123482.0
142369.12
762394.6
64462.58
50282.605
22341.135
20430.451
20805.59
1158215.1
149948.55
18451.246
24250.496
9391144.0
170429.83
397922.16
2280510.5
340230.6
39462.203
219208.5
921211.06
10378.171
12919.71
2039600.8
461348.44
24678.195
315470.16
