64653.32
34057.152
13604.869
14651.163
9593733.0
16366.637
95309.766
22652.455
11269.981
55355.785
117398.516
810139.25
260769.83
428086.97
304320.7
806018.7
92387.71
1678607.2
612446.3
708034.2
446032.6
160174.33
63914.57
364861.3
58607.91
75756.97
1928.5045
1802.7225
2102.455
1162.4126
5051.801
1767.2498
1535.1102
3135.5366
1484.3002
363575.94
551832.4
934455.56
348301.47
796329.4
237762.27
474006.84
495338.4
325535.6
1881191.5
244516.8
702528.25
429357.22
110787.945
413544.47
140915.22
1521160.5
18725.465
18368.295
