15973.982
7333201.5
9200.516
1744305.0
43328.52
214742.02
266966.0
17039.422
1816956.4
17696.709
3087397.8
1560120.5
3143032.2
143625.27
528057.94
916329.94
247704.72
1763566.6
80442.23
29800.262
1832245.6
135859.31
429858.4
1852617.6
1066857.5
1371640.0
1243745.2
1486011.9
215003.03
188417.73
346164.66
139532.3
1688506.0
841809.8
904531.8
2808736.8
1047610.0
1815127.2
1703660.8
3900415.8
2020794.0
920972.5
3849238.2
266718.44
3211229.0
23959.283
2506936.0
153213.7
2216944.5
867085.1
1621130.0
1439577.2
1655885.4
29871.652
13642.522
7090.286
39803.824
332157.34
1648253.1
1054707.9
829976.4
24756.934
8220.0205
9570.298
14184.642
