508623.53
490044.28
648050.56
3237932.8
437378.72
192996.02
106035.35
468035.7
633319.2
315363.56
250743.64
4408793.5
1036620.75
930884.4
1521093.0
1237538.1
2144209.8
868891.56
1059319.2
382420.94
637480.3
501208.06
825046.0
1708594.0
1869947.1
2211389.2
314075.34
2270927.0
5276847.0
181798.44
1245015.0
142582.97
2834163.8
654613.3
461907.1
292071.38
6941803.5
332364.62
172034.4
3111484.2
246333.7
9647290.0
1717201.0
210889.08
64942.195
608388.4
330219.62
686752.44
597365.56
1299536.4
4290353.0
1309086.1
742247.0
146670.88
179918.19
71640.48
2096587.2
120040.87
100205.72
109939.41
1828395.9
368238.6
643461.4
1513492.8
855519.8
765662.6
3238884.8
523912.75
778268.56
2291354.5
1204143.5
642629.2
1395969.8
976198.1
894842.94
2476920.8
261593.61
2133678.8
1782403.5
3767739.8
2050520.2
813991.75
432305.84
527149.06
211667.28
55550.176
192867.06
40169.0
26678.771
28721.643
