649981.7
1058794.4
531494.6
4703435.0
4259689.0
2339852.0
3136969.5
473628.88
9110541.0
2726540.2
715888.56
790574.4
468125.0
177912.5
1620845.1
930775.4
928620.2
172771.05
673154.9
474712.94
3060683.2
2692839.8
256034.69
117089.6
2708309.5
363946.1
62478.504
830247.25
955315.9
1088243.2
1504232.5
913783.6
605872.1
1244279.1
1284023.6
2147844.8
1131183.2
685445.25
839998.25
4665170.5
321671.28
914617.9
743892.7
1518970.1
1046018.06
621467.2
1517985.5
1475459.0
522694.56
324072.06
512518.72
643328.1
52891.75
2202687.0
1233770.4
406179.72
66095.805
144542.28
318400.56
154392.06
148243.06
