90512.07
87438.29
98797.7
93071.53
96839.4
93150.01
1659638.0
173584.81
455496.97
840051.25
1029915.2
171712.33
223956.39
1066624.9
39667.293
96080.74
119584.016
99346.555
36761.414
2428414.5
1066202.8
439438.75
22771.629
25087.605
13993.053
142228.33
42906.383
41433.664
27285.234
73169.14
22648.164
703618.25
358493.0
163349.72
116062.14
91637.5
332211.8
1574505.8
435308.75
16386.646
173344.88
767676.5
151873.4
170340.81
2376951.0
41187.383
877655.6
88009.16
68265.734
78771.836
45333.812
57893.32
39550.695
35111.9
19041.246
7146.659
146845.77
185864.55
11410.602
173373.66
1725418.6
152865.4
