5583.745
6398.6504
6178.7944
5804.0957
520580.66
1530532.5
456464.38
261803.25
444630.9
969176.94
45569.12
1396188.4
1616440.8
73143.125
2844638.5
1465978.1
128269.31
125299.336
110407.69
2580382.5
543614.06
1845422.6
1820192.6
2881789.0
5457120.5
384333.47
643357.2
685775.44
1237700.2
722022.9
2118125.2
5779150.5
992664.6
1599760.8
114072.27
1225442.0
153215.66
3602557.2
1127415.9
150240.94
2564660.2
283439.7
3046897.2
540881.3
1022706.8
664480.2
1067741.2
853066.44
1258247.2
2051740.0
390033.66
1518554.8
176037.5
653632.6
2409687.8
1856000.6
465602.47
984490.8
1617079.9
217771.4
1155449.1
280100.22
1478088.1
6381781.5
577894.75
1127347.8
1161641.6
2244043.2
1117180.0
531382.8
419704.75
476437.2
77372.49
1921651.6
3383719.2
1410048.1
240590.1
393407.84
356862.03
1039906.06
239086.36
286648.5
23237.37
3990619.0
18272.004
31143.125
23329.584
1318177.2
