114640.7
291896.2
279212.16
319954.66
195359.2
182681.97
588779.06
636286.56
840369.25
865428.7
966733.3
116301.29
16228.352
229027.27
295087.0
975867.56
915617.94
963367.06
732788.75
41536.008
702321.5
10150.931
389523.34
85440.04
143961.56
156181.0
95833.79
1273223.2
69871.93
554956.06
262363.47
57769.96
101066.266
124264.305
533476.8
83761.22
119083.55
887043.0
604161.9
381998.88
29535.402
109060.5
213325.34
868910.56
106394.08
212192.66
288863.53
30042.742
1625240.2
451394.7
505913.3
192073.19
179098.52
1089767.5
113980.78
312754.44
489101.38
344053.28
481972.0
3475.822
