564909.2
335610.72
452156.12
433602.25
2692805.0
308990.0
233463.02
3244789.8
1526283.2
740572.94
134744.47
342682.62
723007.9
18042.72
82087.84
292664.97
4456679.0
1533031.4
1054375.5
569363.25
43558.805
2989119.2
2161195.0
2255351.0
99286.81
8865325.0
5646.1445
14653.004
8291.09
8575.784
102610.59
214645.38
743196.94
379644.5
227792.81
136835.11
1776312.9
1145035.4
1290711.8
369813.94
692755.94
172307.36
625439.9
147197.19
106779.22
495928.62
1049932.2
1109890.6
959749.06
1197662.6
871802.0
124589.516
216458.12
252367.42
637695.9
457301.66
341815.28
8087060.5
725510.1
1478591.5
285426.5
808723.25
170738.14
596010.25
313054.8
252190.31
4317167.0
723012.94
974295.2
666367.3
2187288.5
2438093.2
152089.64
35017.707
381266.53
162273.72
215198.86
332214.72
1659571.8
3446188.0
2071936.8
709276.0
493621.7
939327.25
1113563.1
259668.19
186765.3
1880975.8
62398.754
1572387.1
435649.25
4486338.5
992346.25
2304802.5
4426919.0
651303.8
3870776.2
4291130.0
934248.1
998108.75
757552.44
130273.766
97481.37
1754693.0
388561.0
519670.84
3136886.0
2308372.2
27623.35
2722484.5
2580708.5
2666540.5
2275022.2
369718.66
111076.984
428155.34
5083567.0
455119.16
