288317.06
9593014.0
324208.56
191647.73
989109.0
1490939.1
683465.1
22660.662
348848.62
2494888.0
3381052.0
983485.25
1962327.0
1029824.1
5610839.0
293635.3
555041.7
268326.94
231736.83
3162612.2
334748.84
890043.6
860680.8
454551.47
1436334.6
2152970.0
195166.8
108695.2
172795.5
133978.95
204082.7
53642.86
104586.055
4668437.5
379602.12
50903.965
1662168.4
2164754.0
1080751.5
509752.47
494274.72
1049388.2
293235.75
389119.4
363320.38
147660.9
426118.72
2566513.2
378997.16
305051.72
424882.56
300961.88
2932563.0
38320.957
18486.982
387964.44
45677.746
14304.156
10836.803
11265.939
8668634.0
423503.03
333009.47
371679.5
265174.28
126183.586
564243.4
644154.56
244345.2
69736.625
308956.16
195745.38
350206.06
255329.2
589080.56
709487.0
562185.9
159974.3
177615.8
822539.3
7933783.5
386628.06
10164.161
46445.074
877780.5
3989091.0
