85162.9
1349484.6
1424007.2
1318461.1
109801.14
64741.137
2162072.8
590019.3
641011.9
875495.44
1769851.5
836115.56
6539049.5
3893704.8
776664.44
479037.56
703531.7
644951.9
3349945.5
4093726.0
664881.5
9850958.0
4039991.5
2395644.0
568040.6
6725830.5
1284406.2
881648.6
258668.0
7933647.5
501344.34
2042150.2
312905.56
2030267.6
2755129.5
203899.98
539424.7
2630799.0
1728704.9
2783276.2
2168496.8
852036.6
540014.25
8213738.5
458036.28
430092.0
2521903.0
3208751.5
1715864.2
120919.28
322478.2
307237.7
240681.52
301414.06
192375.94
8291441.0
324190.9
42608.37
35006.477
177217.36
