148004.06
372631.06
588626.4
503757.62
464983.47
830775.5
973783.44
656759.2
960147.7
4159383.5
432677.06
1325530.1
165131.9
1042933.6
2926295.8
905295.25
1344872.6
134988.31
2569781.5
908871.75
638502.1
2476273.8
176458.3
932432.06
364214.0
387717.22
1921792.4
1633712.6
1294190.2
218602.9
166208.16
1122459.6
227163.89
2555610.5
1571092.0
2192454.2
7471.8896
5620.6206
6115.6606
13191.8
11695.417
13804.223
24738.883
98974.95
125916.734
110538.68
53598.13
2490985.8
16357.377
62208.11
73624.15
651059.56
242277.0
49983.395
995547.2
3586407.5
1217146.9
2522653.2
2429245.5
108172.11
