10016481.0
243435.38
3825785.8
228723.72
412052.94
308371.9
450661.8
230488.67
341436.47
2884467.0
9438.063
92467.19
728766.2
86650.18
80273.37
882898.8
880954.5
348464.38
462611.25
1852743.2
1671390.9
270246.88
389448.38
1231507.6
17199.371
707893.0
748404.94
56569.92
27878.447
611114.4
195010.92
1454176.8
692147.44
1309419.6
8624.886
1377847.4
1076207.6
3065161.2
510397.28
1721804.8
315646.8
1550776.9
2894038.5
55605.64
172832.47
238382.89
1074239.9
2030128.6
6992.69
774516.06
215450.5
2229688.5
770277.8
2675864.2
5900700.5
367257.44
3148996.2
69445.336
4507278.5
42577.355
