172051.88
177308.17
177308.17
177308.17
11322961.0
153623.84
1189343.2
1525627.4
1401560.8
120533.484
298397.1
684161.8
533375.7
517026.22
862250.8
635511.75
294140.44
1508673.1
700088.3
529425.75
808452.44
211086.78
1100371.1
926371.3
638764.3
257960.7
985327.0
2267019.8
278028.1
747535.06
103584.35
686828.06
414716.56
1788085.2
192105.22
512726.0
580198.44
1309875.2
407279.47
922945.06
69689.64
512298.56
484278.3
891757.4
1153780.5
504785.8
166396.69
574367.75
1529881.8
442435.0
2034195.8
801004.5
440711.4
939260.0
119447.93
249929.83
177308.17
177308.17
177308.17
177308.17
177308.17
