610543.6
723666.25
2576897.8
17273.883
5851.1094
2969875.0
604034.2
513937.78
698272.25
1265475.5
2993970.0
97745.35
177409.58
1791403.1
258573.3
258157.77
230624.94
128263.34
1238259.2
830675.94
769446.4
421785.4
6084423.5
1229379.5
616969.0
738192.75
723853.0
535603.06
1792577.6
542987.06
590542.56
1223921.6
656577.94
1675146.8
810328.4
445637.03
1408098.9
1224687.9
2296871.5
1272445.9
25721.664
55508.242
185424.6
1014018.25
5327317.5
616364.56
77698.69
3278779.0
13928.378
725218.5
576098.8
464556.3
6478278.0
412743.47
141943.05
3771272.0
466150.72
418245.22
259665.25
1490594.1
1954227.4
1185818.2
1329579.4
629496.2
2594389.0
396076.94
480948.6
6474544.5
305181.62
74957.945
18469.787
2326511.0
1366579.5
2521601.2
1199411.5
488368.28
3169810.0
1836246.5
871390.5
1112156.4
952404.3
41713.94
641485.8
4867369.0
761397.7
155971.12
2781476.8
546701.5
44196.76
364541.12
1160441.1
689269.6
825601.8
1590274.2
598487.94
565649.06
460002.88
3072486.8
2340081.0
290135.16
3286455.5
1176969.6
234277.22
176889.05
4712200.0
401501.88
301528.75
