1255629.2
584349.94
1511530.1
1001371.7
3249972.8
2408253.0
3249671.5
797348.4
2194143.2
1589401.9
2927598.0
3197524.2
1337779.1
1909233.9
3728187.2
3592593.2
4407187.5
3718829.8
1504382.8
1933038.2
1224008.1
1599335.8
5113328.5
2090738.9
4269559.0
2652266.8
1827259.6
3054949.5
2472158.8
1197866.1
2133763.0
5279315.0
1104750.0
2365168.2
2975514.0
1659861.9
2197280.8
1621401.9
3102180.8
2792894.0
921462.94
1282513.5
1502703.5
1636745.6
267205.44
247470.42
967131.6
681214.06
797571.25
601417.0
115739.79
1240406.8
983768.3
698526.8
144920.34
519995.47
115924.59
282300.78
34238.71
34646.746
