1715946.8
868.0297
2154.444
1675.7927
2266296.0
8305.321
8834.272
2274511.0
85679.98
60913.0
741913.4
1659245.4
310738.97
57200.625
29738.709
6836773.5
98863.41
68983.91
644321.3
206488.2
83969.23
50148.457
1238281.1
1272137.5
1816218.1
2197514.0
6256857.5
106218.89
38568.26
414626.2
25669.236
67263.48
1689514.0
1055976.2
1297874.0
220748.6
1467342.9
1451820.2
604700.4
5943328.5
84738.664
56380.21
1106117.1
115146.53
37452.004
1047042.94
889.6207
3904401.0
1654790.8
1725503.9
7273361.5
44893.52
839027.44
55004.11
39589.484
298749.97
935270.1
767354.56
919847.25
5408502.5
65678.13
3281556.8
2060837.5
23130.252
489876.9
1299210.5
1325914.9
1510953.0
559791.4
1325869.0
1142216.4
7043267.0
38392.26
30942.734
1942867.6
2907.6902
2824.6953
25710.098
2193.155
4580.291
348240.7
30479.652
29803.426
30319.0
30313.164
30281.758
30293.385
30441.611
5239683.0
830635.7
1482849.6
1130816.9
129529.95
