5829183.5
5321014.0
439733.53
2367607.8
6837706.0
776272.9
640944.8
3329821.2
553611.25
935848.9
867834.9
599159.8
413239.1
1966732.6
1134295.5
121155.8
2182856.5
274170.56
1794475.0
482861.9
1877906.5
895372.4
1126922.6
1814640.4
430065.94
562250.0
959241.0
821390.1
445105.56
97342.01
374928.72
1432905.2
2062617.5
178704.6
1206203.1
1256610.1
835002.3
1993121.1
922805.6
1215941.0
3730055.5
2123323.2
1092265.5
1104583.8
1331592.0
730675.9
1222703.2
52076.61
217013.9
970359.06
620236.44
266120.53
1144775.2
1760715.5
79886.25
1823194.8
1328689.8
206073.95
1887710.5
18279.174
