2960315.8
635945.1
260544.12
350801.75
290968.1
328648.88
55497.746
289749.78
441260.62
328418.47
1302288.1
81774.164
83477.914
90320.87
66827.555
135702.39
58702.37
32188.67
38369.33
140424.77
224502.03
113189.17
101804.77
2771379.8
163609.42
25375.746
27534.07
1038010.5
7719507.5
95313.03
1531543.2
364365.47
3177041.2
43661.656
135157.0
446240.1
49110.484
748323.06
1556308.1
1065597.1
1257726.1
529872.25
963008.7
4529670.0
2459805.5
407571.66
384652.75
76102.664
105163.93
184932.42
3084080.8
124740.62
1264138.1
643768.44
1443079.4
788026.1
686022.44
1814280.0
1463607.9
518770.62
164826.83
618352.0
656940.75
49292.324
1213026.6
1103459.2
367631.84
89595.76
776364.4
1389725.6
832090.8
841856.0
1078771.9
1603786.8
438643.06
841573.8
345028.38
272804.44
1924128.8
2041993.0
5332634.5
431632.72
1344285.1
572954.6
74871.56
129022.47
348508.2
266643.47
94972.53
98575.82
255496.92
1115032.8
240174.64
1943134.9
2690469.2
1845861.2
1861105.5
488187.62
836276.1
327502.8
1397184.0
547581.8
1174794.9
1179886.6
159873.33
158341.45
582841.06
2426941.2
84195.23
1378007.5
2429542.5
1957463.0
1593132.5
306689.56
310925.8
1238283.1
1014474.7
1598647.0
393302.94
578446.75
