9415.613
1891164.0
1873804.5
1067576.8
1904502.6
996085.94
3860070.8
1437712.6
5712747.5
594064.8
652496.06
1430995.8
1571520.4
2496369.2
404790.0
3170489.8
3668554.0
4894185.0
1439415.1
1833381.1
2612737.8
1046906.56
3942147.5
689738.4
250080.44
5912093.0
2961777.0
4119856.8
913932.8
398009.38
1897011.1
1927678.6
2268655.5
3226086.2
3004811.5
893564.3
1175211.8
817049.56
2203260.0
3029874.0
121930.01
2046724.9
1478819.8
1883456.6
1527419.5
274703.88
6317298.5
337881.6
1063350.6
842075.2
833148.75
4451895.0
206390.95
628334.75
420960.06
1619419.0
198191.62
225766.98
218079.89
168049.19
