9013939.0
1908192.4
366121.3
345426.28
468003.25
456418.7
132668.36
352617.7
38346.445
55771.707
1121946.1
2992.9346
1475869.4
150698.72
8561.995
7318.9946
872353.94
24647.387
2158.7678
15201.285
212720.42
3792.4346
1469.0311
1929.6023
3176172.8
32922.758
1834.7902
367.0359
565.6499
534656.06
1278.2684
1799.9597
7454.2627
3803856.2
751.7606
412818.4
388700.0
1578.9817
2424.4424
1661.8329
141264.23
2066669.1
399857.94
274501.03
125203.52
4533296.5
3227.9844
264058.47
83867.14
1402748.2
73649.49
8758.598
126884.04
86997.45
187489.61
7974.768
55448.0
7867.1885
10430.325
193134.78
905470.1
5421.567
729006.44
299718.72
3531.5142
3687.4827
