309586.28
690109.1
384830.16
767800.3
1180500.2
658821.75
99993.96
591584.44
14625.131
1499449.5
309573.44
3199515.5
421705.16
3128359.5
704536.3
132429.75
5268655.0
1978686.0
73344.72
82640.98
286154.28
7347.4717
3552221.8
2108495.0
108601.48
2617515.8
3388639.0
5037279.5
234402.94
2443274.0
488306.44
1337460.0
3472.0916
369160.94
12516.949
3847619.0
2789.6257
1011070.7
390343.97
1594056.8
3625124.0
7511.3457
2551561.0
844417.94
634.84515
283782.62
1290.2085
1283879.6
295448.84
322629.97
267200.78
314281.25
1260506.6
4962270.0
1363026.4
36272.973
69879.73
64247.484
732515.06
209281.17
