1720636.5
2812664.0
781466.56
226163.98
1715270.4
2620448.5
4702187.0
73647.57
1599659.2
874562.4
2058456.2
2301801.2
5281983.0
748112.9
1277639.8
491229.53
2642124.2
401573.16
991519.7
2000024.9
444123.94
32892.04
651189.0
1952397.9
1217153.1
194262.55
166656.1
4137092.0
970595.8
298501.56
1528830.6
1277970.5
297004.3
3063252.2
1188819.9
465583.12
5020229.0
376735.16
1693037.6
1554478.5
549987.44
629758.56
3525105.0
590761.5
952723.4
1020197.75
940404.56
1405171.8
1489581.2
2675852.8
59795.92
82578.65
845096.2
1985880.2
384243.28
131430.14
223653.64
224777.5
5689.83
1962962.6
