3597669.0
451227.72
1708322.4
628706.06
233824.22
2314617.8
5366716.0
1174380.0
585773.7
2029397.4
3170390.8
2002991.0
591448.3
1551054.6
2617982.2
1609730.1
243303.58
2543986.8
2963563.5
281561.56
514594.78
485169.4
1008100.75
496357.3
529593.7
1616458.6
2029586.9
680890.94
606030.4
3867889.5
367788.22
2302966.2
1275115.9
236068.02
1760115.0
1533944.8
2288468.2
307161.34
1192415.4
607333.8
4233235.5
968017.3
550197.56
662862.6
2068711.5
36761.316
2233036.0
3080216.8
1047804.3
5706270.5
730362.25
2070358.4
911363.7
734431.9
607822.4
834932.25
2360715.2
2479558.0
1032910.06
1444472.2
68839.87
1686003.1
2959535.2
85489.79
1905452.9
5571.5537
2475.3782
1040.7047
854781.25
191498.73
60841.34
13338.139
