1528097.8
589208.4
10393046.0
51557.844
184907.64
277293.72
2675679.8
147559.5
1228153.1
514689.38
1622403.9
524538.25
983481.4
71874.484
2758453.8
354112.47
711257.6
28467.94
4797620.0
618438.4
2226167.8
1563972.8
440787.72
2526982.8
90250.59
1326556.5
3364658.8
306275.5
1958573.6
1265588.2
1154130.5
3173278.2
1199252.8
145354.81
134014.75
3745738.8
515960.16
1793983.6
1212507.9
86291.055
450569.2
172591.36
5100509.5
109580.13
2393931.5
1403809.4
401613.7
5726260.5
182113.11
252754.81
1667343.2
648304.5
536000.9
416309.44
3866549.2
192359.25
2806732.2
1109885.5
223216.28
95801.1
5540104.0
36704.117
171460.28
56079.2
58142.008
37660.92
10504.527
35773.277
16829.074
3552.4968
15767.244
105947.39
25284.64
69653.414
46884.684
34198.41
