396807.2
74819.89
28092.941
1715114.6
1461731.5
1325673.2
1573193.2
5335552.5
1667951.0
358992.78
636090.4
226760.95
681211.94
294435.12
3443894.8
2775430.8
2005731.8
1175221.6
1026810.5
3110185.2
120347.734
438051.3
599189.1
2201930.5
3539401.2
196031.78
1268919.0
857065.9
1295540.4
1495428.1
4959003.0
748815.1
1047836.44
1055107.2
673276.56
11279022.0
2100427.2
1661857.6
3972085.5
1816868.9
893560.3
215842.47
1876085.1
2435060.5
1134742.6
1543923.5
3638678.2
662076.44
963112.94
2272030.8
1857329.0
1990486.6
205484.72
210701.7
172061.58
303659.44
597426.06
4524.6733
3883.6025
1090.7518
