14757.457
201719.36
63563.273
38299.984
3076897.8
12899.305
32978.41
395859.44
9622.696
1266172.0
68077.82
139524.78
247322.3
206893.92
72906.58
2175006.2
48712.133
887018.1
299147.38
212069.11
3203324.2
417012.34
33537.2
114660.09
2542962.2
3658.203
744521.1
45721.22
5437649.0
24994.299
3967.2412
268737.75
4689245.0
1167094.1
304569.84
2852971.2
858391.56
4011978.5
1204997.4
1395682.0
679149.5
2364574.2
319940.88
833466.2
1365106.9
2075879.0
2102011.0
2711747.2
853488.4
547524.1
1257666.4
2327647.5
95120.516
241908.17
232223.95
860520.6
40317.164
4940384.0
16473.668
22801.424
1514931.2
455865.53
28729.744
38103.26
3860.8433
13604.534
20314.518
52413.86
14815.3
15017.085
80711.93
42404.574
84811.12
6222.067
2362.5806
6462.3867
780.1698
