9016.742
7438.87
9671.941
5884.6694
4444.8364
19507.945
1185345.1
578061.7
875424.2
14532.627
15248.625
5337.6016
3437.5417
8760.354
8228.881
15468.791
16061.226
343523.75
11978889.0
7449.0776
2187.3052
2954.5288
6826.3755
14008.518
28632.342
1702904.8
6154341.0
55403.51
1571964.5
604301.6
2070165.5
39943.97
39839.758
39632.1
39760.594
39760.594
39760.594
39724.77
39763.152
39763.152
39763.152
39763.152
39814.055
39724.77
39814.055
39716.47
39761.168
39761.168
39761.168
39761.168
39761.168
39761.168
39761.168
39761.168
39761.168
39265.004
39777.086
