57485.19
34801.953
154266.11
221.92847
3733013.5
312.30414
348.90494
1053640.9
478.34457
570.7724
6048.079
6131.878
13043126.0
50022.324
33682.875
21550.025
37084.145
465589.88
26033.094
26063.758
358.08984
26366.406
618665.25
597193.06
5710.3394
374.36908
666.9276
310.25296
4464136.0
1003.10767
1057.8218
846.98926
1028.5378
1079.6176
2063425.0
563.35236
1185.968
570.9412
1757981.4
152.85617
124.0424
1697234.6
241.58237
395.26505
218.91096
220.48087
215.99289
613057.44
1051.765
484.7499
2239940.8
3277.4878
1229.775
1210.6909
2187120.0
1215.3448
1390.2988
1371405.8
1122.3514
1060.6508
1062.9618
1061.6864
4975435.5
1157.2117
800.6167
1249673.0
333.0924
237.12048
707371.75
729.5031
733.75244
781.6956
733.89264
5620239.5
410.68723
361.83157
1115399.9
271.26535
301.24716
561011.25
117.73782
518.91016
108.51283
41.72878
94.22198
3937895.2
380.66437
406.8293
1789578.8
202.93658
196.66391
616404.3
819.8428
1316.8936
786.0168
780.6476
1250978.6
619.90173
1294.5161
401560.3
1157.3788
1329.1171
2685397.5
867.5508
611.5175
2262019.2
785.4535
1400.5393
1368.3345
1535769.6
593.9876
738.2419
959552.6
