8325.21
379592.28
239225.06
1468548.9
1041949.94
1824881.9
4079111.2
2205544.5
867500.5
989100.25
195850.69
1104118.4
29720.209
513328.4
350184.94
1781624.0
2584390.8
1383760.6
55258.188
1615223.1
3656859.8
446057.3
847539.6
1094788.4
1973584.0
10939634.0
1091864.6
64770.45
1383588.4
220561.69
2763851.2
530298.9
1106580.1
1647215.6
1194656.4
748541.9
1422252.9
4170118.8
849442.5
601996.6
469864.88
2546927.2
2521916.0
625952.3
3845469.2
2270554.2
2264214.2
3548214.8
3001912.8
2842904.2
749533.25
56802.19
79879.836
148398.16
2110913.2
248843.45
1445943.5
230456.61
4168.5474
914.8188
