9704680.0
388272.62
1192974.4
1286633.4
1676431.4
353765.06
1269342.1
482811.78
1663992.2
1621248.8
4759271.5
147462.03
863677.0
220112.33
119597.55
414390.88
135806.34
443763.12
1558353.6
1544698.9
607483.8
356124.25
1465910.6
1854449.4
3209486.0
16959.98
818134.5
6145522.0
156510.62
626452.25
786704.5
620861.94
959722.1
1187045.1
1403331.5
1194967.2
162115.27
557422.0
1523432.4
2037424.2
1975420.0
1616753.4
5610267.5
567932.7
7634120.5
1043406.06
3823118.2
963925.2
71885.82
1478284.9
1021887.25
858463.6
1398598.1
2150334.2
1886776.2
1433717.6
997796.0
982782.25
1280424.8
175170.3
1443475.6
5391103.0
799222.2
803805.5
671852.7
281051.47
19550.934
18662.014
516003.72
124129.45
4684217.0
2972250.0
3384207.0
266945.4
175819.19
87461.01
10956597.0
2208.6174
2217.9739
2201.1804
2186.3975
2186.3975
2186.3975
