148243.06
7362597.5
1782781.0
3522733.5
266494.5
1115770.8
311024.28
961815.4
855809.9
268810.88
375643.8
332702.84
128955.69
685153.7
473227.3
2737326.2
3404031.2
218281.03
619961.6
863712.75
655340.3
3081283.2
1474284.9
1052974.2
2586116.2
187612.61
638384.44
377923.4
964701.9
1495184.2
1336965.4
3443644.2
1755523.5
1631139.2
451409.2
811362.5
1909448.5
472668.0
5392966.0
1462420.8
25479.357
77291.59
342671.8
22566.584
67326.47
222035.52
22040.008
21650.916
21621.314
21621.314
21621.314
21603.402
21614.334
21614.334
21614.334
