8573354.0
8552.04
873367.1
9108.024
19932.025
788682.44
10223.3545
47070.18
87902.87
89933.83
2922739.5
1484101.2
3344417.2
2485814.2
1587837.5
680802.7
1534640.6
225439.83
496405.84
621730.06
4606.284
4909.9976
1945746.8
16714.479
10982.531
6165850.5
6643.31
3297.6973
657172.7
22187.426
16257.893
1655611.0
346949.75
409834.8
725603.56
451208.94
602983.2
3591606.2
4326.1206
2654928.5
1530989.8
165900.6
31017.6
232305.77
191202.31
40036.01
1088148.9
1030627.8
2753213.0
26417.15
887670.94
423772.4
139100.03
616846.94
1125498.8
2583762.2
991176.6
2644353.2
6635.108
1813500.4
244477.67
357875.47
659998.44
1076797.0
420950.2
2210232.5
467769.3
23321.95
749425.5
143071.75
952676.0
3035276.8
914549.25
503745.84
641108.1
300558.8
323668.28
584294.7
753979.7
1518143.5
3695855.2
4793418.5
188473.45
26895.072
20066.285
479670.88
392158.25
34646.555
24433.934
29300.447
29432.57
