1365280.8
715885.4
234979.75
9236658.0
3927997.8
3382405.2
1743222.9
1618337.1
2768206.8
10654163.0
903668.1
4823319.0
337117.97
1486618.4
1604754.5
2626415.2
15790560.0
52448.465
3171123.5
4422926.0
2537237.0
748982.6
3906779.8
1497552.6
296545.4
748693.75
1435963.6
1817051.6
8727876.0
2085289.1
764910.75
1254637.5
2636938.5
466954.34
1704715.4
1079081.9
4471532.0
1729456.1
819491.1
2494453.5
5654417.0
527213.6
4180836.5
875242.25
1690607.6
1843483.8
2208052.8
6925731.0
922605.3
8103271.5
1841380.1
1977332.8
1174323.1
4953319.5
3482102.2
391107.78
1802853.6
5937993.5
357537.75
212319.44
207205.3
307382.9
