1849256.4
175.43521
10843.687
2293.0552
1239649.4
867703.44
2025392.4
3199921.8
1936688.5
2375901.2
3333509.2
1413214.0
674189.25
583723.3
818649.75
257385.97
209619.89
345974.3
2477041.2
1636441.1
3390372.8
3041879.5
1085728.6
1410270.1
2798727.5
2335141.0
922862.3
18119.064
273244.62
65074.273
37062.695
32464.887
874121.56
124721.88
1736770.0
3506.378
638838.94
3186095.8
40916.74
55688.95
202196.72
95845.32
109384.65
159113.3
867561.3
157421.94
495018.84
3409213.5
2565586.0
1494100.6
130180.63
67416.18
1782054.2
1084709.5
407840.78
53135.438
45961.594
26267.395
2995377.8
1902212.4
14753.173
585827.25
879456.06
575926.94
838608.6
75674.95
2264982.2
1157535.8
842371.9
1032343.8
96407.03
9841.924
39942.7
13815.123
4086.4094
2031233.5
138725.36
73221.69
155801.95
173707.22
4484.424
6599.243
6636.4683
11728.797
9902.209
10151.013
33083.715
23414.03
14636.583
43440.344
53535.016
12547.433
496503.25
