410129.8
1197195.4
1954151.1
484253.8
614910.06
805134.9
174180.45
343236.25
305205.78
438451.97
1595565.8
848483.3
18918.725
1537764.5
1153588.5
43342.707
972956.56
99113.266
381928.47
57824.824
160127.8
30046.787
304161.28
1175976.5
857888.4
128705.484
265653.34
664884.0
2306.3662
1937837.6
140525.25
2857358.8
1450640.0
15910.486
1670649.5
11530.214
1526380.2
361406.34
1086522.8
11604.455
1887320.9
59941.22
1641934.2
37415.55
1200577.5
14527.92
207284.98
105614.98
46972.203
197672.34
95408.445
17043.91
1371038.9
12983.519
19906.04
200237.69
157728.16
542969.56
50543.766
234484.6
82402.83
26204.97
44736.695
12259.761
609520.7
733123.7
326479.44
186516.58
11444.542
691328.44
12076.711
4240.5664
279855.47
778016.3
132266.03
1595303.1
374293.78
130850.19
548765.4
12137.063
11693.1875
220280.6
