361477.4
1095749.2
133259.14
1435814.9
1695881.1
151072.8
2824461.2
1826755.2
272234.2
2004918.5
923456.0
664082.2
2035087.5
345361.7
66560.26
351046.06
203297.6
297127.22
160396.2
92817.23
2098134.2
815073.75
33924.76
47323.625
48021.945
1876246.5
1427536.2
5074700.0
318752.25
6613319.5
1001730.9
1419745.5
1125021.8
3355473.5
79930.4
39848.797
145097.03
31986.043
163339.84
102822.95
1714841.8
1111.7195
4144.507
17317.201
533.749
877070.4
466480.38
67095.73
12551.186
133719.75
1559.1204
956.33966
924.7661
936.38837
942.57117
1298872.6
401647.06
1454.8406
2558.902
4792.821
507349.3
1419554.0
1323.8939
1955.8804
62296.68
18090.404
47643.395
1473809.5
995869.3
502325.72
849332.8
516995.9
52878.477
952423.9
258813.88
639616.8
497122.66
197485.77
70862.37
203272.12
259754.4
1754828.9
1188167.4
909819.5
2068486.6
32622.045
972.5293
126160.18
148243.06
2306161.5
5521.0264
5510.7695
6363.8633
2175.7295
741.8449
228.57365
220292.92
2112880.0
