35790.215
999491.06
3886517.5
53060.08
210678.3
8783934.0
4559.858
45483.387
1453557.1
3127568.8
201005.52
203011.55
28509.607
1071402.1
482920.6
27385.27
826738.06
269608.7
216676.62
1588742.0
545081.06
218817.36
4776.3643
960408.6
5858748.0
77790.05
481309.75
1963190.5
2613985.0
20890.355
207762.42
529495.06
825974.7
1290431.6
67404.305
147132.4
434201.28
395123.9
1565048.9
915875.8
264772.0
2902190.0
867238.1
695725.44
20009.64
8619298.0
5141124.0
304800.66
36910.473
151482.3
560874.9
75268.42
5189152.5
86419.24
1158719.1
122803.086
669428.94
381466.2
10165.593
812.4436
