13680355.0
418875.1
946230.9
528515.75
2241277.0
3436911.8
1868608.1
106947.2
2096565.2
4175047.2
2134025.0
5208814.5
5575485.5
2836067.2
4075860.0
6584464.0
1112062.4
540903.6
1253647.0
3154141.2
12906482.0
1154002.9
832789.8
3434026.0
4014174.8
2862640.5
3353224.2
1596580.9
679158.2
1528569.2
5090877.0
1882301.8
2927072.2
572982.2
624159.7
1091282.6
2141122.8
1358310.8
660411.7
3913108.5
7837839.5
9679.389
1030780.3
762177.06
4019902.5
3929445.5
3129717.0
5406099.5
6671845.5
2815014.2
3893718.5
702674.94
6923101.5
1016888.4
448359.16
2934458.2
1387846.4
3721610.0
906432.6
803458.75
1070988.1
170918.95
155016.42
