160107.17
259944.03
180112.14
1355004.5
2195865.8
144152.9
81943.71
108909.336
418860.03
1205140.2
840022.25
1017354.1
161422.11
1685872.2
2168.3745
3974.7007
144704.83
504834.78
302281.34
317463.62
511292.53
249496.62
449164.72
312261.1
306000.34
1077872.4
780436.06
395726.2
849327.2
300209.06
162685.44
4275.203
227570.88
2441500.8
98463.3
6899.682
1216692.6
1070755.9
52399.867
143187.72
45891.75
1934067.1
895011.1
357513.1
116492.81
412054.72
36053.777
1197153.1
1610990.2
73342.76
417727.16
749641.94
2357342.8
801896.9
269824.3
49356.887
2040433.8
22295.518
137060.11
443500.1
68286.84
1440899.1
35372.516
62257.19
1261293.5
25232.812
630100.94
903721.3
1464052.2
34474.758
3062342.5
78170.36
69421.93
425004.5
231022.9
1333199.1
155787.08
165420.58
120909.83
160485.78
2570741.8
334731.3
1343832.2
1825467.5
1258904.6
239882.1
54457.203
78879.445
2922639.8
502885.06
1336178.6
1328204.4
110941.445
1744997.0
34649.75
50174.39
1029302.44
692906.25
1187057.0
2935334.0
1055860.5
1107771.4
537024.25
5995.6777
115245.72
2225.235
546632.8
1367297.2
5389.7974
2437.1016
798339.25
1622913.8
655630.2
125251.234
1120754.8
681101.0
267219.06
2476161.2
549949.9
103960.04
