1997936.0
9392791.0
2567922.0
2386084.0
635274.8
3415112.2
866803.44
310182.72
182902.44
90470.92
2001.6887
5674.3027
3427.9795
15273.988
5016.2505
7381.585
2273.9082
2012226.9
579568.1
437770.25
130767.234
487525.25
1305812.6
624596.56
1877332.5
318336.88
665783.5
500370.78
337494.44
156054.03
1477395.5
174210.95
93676.65
28560.736
2410379.8
260231.72
549890.0
992640.2
1569198.9
195392.5
1263995.4
216792.77
112300.5
1197.6865
7244.831
5089409.0
579799.94
688891.06
45769.883
1116483.4
1197155.8
1465280.5
383676.84
451418.12
165389.38
420010.53
1159327.6
1632478.9
1017435.56
117694.13
1852365.1
2104153.8
2127075.2
542227.25
1389448.6
1011767.44
1420820.1
2868341.8
1180688.5
3276102.2
2413912.8
104368.0
27748.316
13808.672
2150713.8
156021.2
2049575.2
186190.47
1532686.2
27426.684
1568113.6
219183.66
746240.75
36469.22
79278.75
5470391.5
568930.94
219341.22
325658.53
449349.97
264379.5
4125166.2
1119434.8
1417825.6
1847596.5
109666.49
166687.69
133140.55
64179.902
66524.48
51079.1
698255.6
87007.35
2228128.5
438352.75
703682.2
2892800.2
1063228.6
3102014.8
1400880.8
232981.7
6897761.5
3287880.2
801276.75
895648.06
355478.03
1931.0859
5704.03
2798650.8
8507.785
