415230.6
76049.016
231898.08
191219.3
326174.66
385757.72
2565457.5
125177.99
29336.62
33741.633
1081757.1
923035.8
467917.78
828628.94
85243.75
455570.97
534181.5
338935.16
308418.7
590156.25
2372026.0
330741.2
1601274.1
99272.85
182359.34
284621.44
272098.4
95252.75
135139.0
50756.285
101965.11
44073.84
17831.086
1240299.9
547564.2
2881823.8
387156.34
1837834.2
1374392.5
366800.8
169191.92
263151.06
108611.34
550462.4
51407.633
913051.1
165305.88
1393705.2
325958.62
398560.78
130292.17
75236.57
28093.023
9895.676
86820.37
410416.38
5847.2173
3477.1528
10388.9375
3243.1436
630452.7
2121198.8
164928.39
62171.08
52548.34
15285.248
40209.168
931146.9
82941.24
588310.94
181976.84
294314.7
720094.2
503563.8
127342.4
130673.51
1197365.6
178911.64
2617763.0
154182.2
133295.97
222302.92
323676.03
59052.652
264079.16
448392.72
578969.6
43547.277
79249.086
6868.0103
551596.25
275130.66
400008.9
351266.0
355456.0
355983.88
322767.28
411597.12
19286.23
26159.213
201870.27
571389.44
784014.9
163515.11
98549.37
997279.9
1420620.2
1170790.6
1290635.9
275231.66
109982.32
353045.84
123011.664
62327.746
110178.555
98474.78
180105.88
410914.25
331777.53
2765371.5
