859842.8
612140.94
5667364.0
402177.16
187025.27
474102.56
1222527.4
1368629.0
1803922.0
6209821.5
4587721.5
647361.44
730906.6
3411097.5
826054.7
7979034.5
30955.984
107570.56
25239.34
2887988.2
188754.42
885639.9
205292.34
1859450.5
3200115.2
171496.2
1038444.4
1490561.8
370822.6
3049007.0
40561.01
37121.883
2540668.8
4334820.0
258292.75
221607.86
4579918.5
293107.03
76599.484
1714107.0
1022868.7
671913.44
1321758.8
711155.1
1170653.9
127915.63
578770.2
1248005.2
8385895.5
24256.42
114436.42
11803084.0
9318243.0
688969.06
1622471.8
2561573.5
1943170.5
1364373.4
1948260.9
1047868.06
7429471.5
329930.7
1325174.8
16218.102
14751.594
14765.558
106079.27
114135.664
28870.979
26717.506
234381.06
48110.418
15892.629
15892.629
