15859672.0
1380946.1
1443648.1
2793565.2
2555658.8
2509946.2
2327472.5
1654417.9
303148.94
1079791.5
1186473.8
774623.56
125031.81
423913.0
10936.543
2154057.2
617231.3
740700.06
512112.7
483348.9
501195.53
3468195.5
103958.8
105362.56
3604594.0
208081.6
1055453.2
969174.9
3082670.8
99959.31
3565911.5
1434364.4
92372.76
3425925.0
541732.75
670095.2
3144660.2
237855.95
813908.56
16464.2
2112556.5
1971667.8
1352617.8
322172.66
3034235.0
2728838.5
898491.06
108516.664
94748.914
31888.146
186197.12
56282.984
35752.88
67471.664
43570.04
1285840.0
14759.601
14803.817
23575.74
21882.674
610709.06
