43393.137
1611560.5
1392463.0
199574.08
1625750.2
128806.72
2185355.5
1988807.5
101038.04
1202168.2
144086.69
354703.72
294942.25
51414.035
512139.2
2107456.5
41199.94
555279.1
62311.543
30077.717
89245.484
1885406.5
281951.78
132581.78
1401775.5
33011.297
678065.2
1830613.8
1019296.1
1397238.6
2340821.5
1432904.8
61312.207
1923473.9
605629.1
36153.414
649910.56
20109.572
1454330.0
960812.56
596387.44
1636322.0
1391339.2
37036.918
88119.81
18801.23
268058.03
3371.8967
141941.52
6139.6875
1316.0273
7844.997
5248.756
1431.3918
4044.4797
2809.3926
9450.778
3448.1477
2616.938
1741.8042
