157381.03
137468.44
236632.62
638299.1
400007.4
449040.72
29032.393
713937.06
291403.9
335635.03
1634994.2
54537.598
53992.26
355408.94
17726.596
353572.03
23728.385
1154272.1
182949.1
266340.38
1223594.0
365443.2
271173.78
754331.4
636427.56
139895.27
263184.06
1892964.0
534055.06
994409.0
425641.3
385576.62
131007.805
1078960.8
754972.25
945558.94
626115.3
114606.664
119366.414
159796.2
537680.9
1686142.8
490782.53
676429.7
324783.47
1170971.1
1085685.1
100644.85
453893.53
787213.75
759443.94
1819269.6
382359.06
1109732.0
91931.375
535560.25
218934.84
893923.0
3043382.0
10069.07
