677962.1
240320.4
399507.0
1079353.0
2279272.0
29411.312
336603.34
1370603.5
624959.0
876164.8
3169761.8
114650.055
643145.75
384589.88
803531.94
1580512.0
1008703.94
564310.9
589611.25
216434.55
979333.7
61437.688
1420123.6
1614826.4
214803.28
44587.375
880806.2
4181260.8
227808.81
1673027.2
210139.84
214171.55
221535.39
1854836.0
1259826.8
2679879.0
431101.66
738003.56
1950296.1
3418173.2
1525716.0
453652.88
1267898.5
1646849.4
1189902.8
498015.47
613098.6
6261680.0
344935.38
229878.52
1075916.6
22451.32
37007.47
491203.53
2589791.2
2639572.2
2172967.8
191554.11
11988.488
79235.65
107128.25
