4030037.8
61008.242
65959.11
373683.8
4963723.0
323301.28
312177.0
311137.56
344809.84
230080.2
10000.892
250350.23
589970.8
3689802.0
28930.686
63440.766
1636768.8
6623939.0
591263.94
773819.0
6333372.5
1446233.9
928559.25
121173.27
192506.34
5645276.0
152003.5
499596.3
1591658.4
649295.6
235183.61
453470.0
2395409.8
48858.97
284557.47
401924.66
1592527.2
522272.06
95964.93
484638.1
1953227.6
109344.875
353683.44
933185.06
188095.8
123593.64
205908.44
1118371.2
227575.2
1700957.5
3768137.2
1177461.5
2592555.5
576290.0
201455.92
35906.855
351435.94
256444.9
2498946.8
1339583.4
75591.53
400206.25
223763.44
399385.1
595240.75
329382.62
435499.4
433838.7
1088590.8
87407.61
393900.38
83859.875
2734706.5
422434.34
600124.7
971150.06
351133.56
423624.66
1264525.2
166234.97
118613.805
269733.88
2778567.0
276562.06
528242.4
31943.938
26277.799
40667.984
26680.018
33669.82
15232.312
32782.91
579376.9
34116.61
16606.875
5226.7954
12960.078
5021478.5
8624.137
9780.679
