211577.38
14833.928
787700.3
319.7074
5312.1167
358930.22
5150.0674
458877.7
1903828.2
444513.84
500624.56
1466792.6
216729.81
317117.4
1020243.8
948929.44
376338.28
358329.22
2348205.5
440960.28
957879.25
367048.06
1559782.1
1013323.56
1295756.5
1983624.2
387633.72
454149.0
1359591.2
679024.4
1365922.0
1711545.1
333219.3
197799.52
2513288.2
231310.25
2881664.5
728855.3
205697.48
1569325.4
404183.78
447462.44
1270789.1
4505223.0
874560.06
1705628.9
111499.6
3604066.0
170148.27
963857.1
1811529.8
2765646.0
372462.72
2101403.5
1112836.9
3930001.0
1655074.5
1162890.6
1483362.0
1449774.5
293799.44
429815.72
152791.22
3337024.2
206122.95
188568.0
117121.45
9883951.0
287906.75
3012.3079
3488.8474
7864.527
