399825.34
4300242.0
493016.84
1156105.5
761793.3
1272971.0
341278.88
1232167.8
265924.34
1132969.4
169247.16
144982.98
114351.23
2131073.0
1468077.1
433518.2
891013.4
1503137.2
80152.016
97950.6
925519.0
476628.25
1153332.2
116073.945
361914.38
315306.34
204700.22
120079.45
120114.93
103050.04
1580677.1
6787737.0
1132032.5
512142.53
281154.34
833178.44
535229.3
37088.64
40643.965
49094.44
1086816.2
846671.94
261184.06
419987.2
220830.5
212706.48
89114.67
194536.17
14290.2295
16156.857
12848.657
10931.833
13879.353
739160.56
