4769580.0
103147.19
31513.508
2597499.5
86792.66
88827.03
60604.113
230208.11
8024378.0
3275.2075
22541.143
106957.75
8944.248
13771.61
388147.66
1210557.8
818247.6
111037.71
402912.78
5175989.0
142948.48
123951.336
169625.0
144481.62
340542.06
497829.78
692059.75
55224.332
139651.47
225629.3
100032.57
191856.12
381692.03
176817.33
719918.4
74339.055
261959.03
200219.62
1168614.0
68277.91
24184.51
55119.867
18888.938
13739.855
8926.58
12758.5
7843.5107
9490.592
15477.046
207108.0
216252.52
418634.44
501185.44
572709.56
545734.0
544757.4
376095.5
977461.3
769891.5
117937.97
41126.297
17881.443
30340.098
148187.25
70002.2
37702.043
13451.862
14084.21
234547.89
7839648.5
334404.84
7384.046
5986.0913
6682.6157
409616.3
10332756.0
