908360.56
930449.1
944753.2
1013423.7
331581.44
139523.02
253907.81
412442.47
2020938.4
807282.0
93023.07
317728.06
73241.46
1037482.8
41784.43
420609.38
17668.441
354272.22
886703.3
19940.398
642347.56
48391.562
815531.44
85883.625
201541.39
20633.176
1407477.0
745317.4
564677.2
297927.6
327030.78
1070946.0
333551.06
46266.38
257042.33
101408.62
342746.5
302478.0
294806.9
707654.06
484034.53
10992.496
779181.0
133431.58
1222018.9
854893.5
161320.73
74712.71
521195.47
88586.0
43035.027
989407.4
16217.626
600359.8
18049.283
1201271.4
1688611.1
1175288.4
1260009.5
1161746.4
165059.4
20656.861
260697.61
123221.11
1407947.9
389123.16
406168.56
169620.36
492231.78
4205623.0
2157970.0
272599.8
268659.44
839789.4
383977.75
1160062.1
19862.568
1935832.5
579043.7
577582.75
152654.25
146307.9
365387.94
434588.22
8678.864
46805.87
21244.541
25517.064
