24268.164
573288.9
665520.3
853964.25
577028.0
1291661.4
473739.4
1432497.1
340625.47
475462.06
1895784.4
1263709.6
604652.7
119388.62
551922.7
2426248.0
261424.12
2909987.5
86564.09
192678.23
184547.61
2067171.8
2388731.0
241607.45
422637.3
284187.62
60207.348
2507229.8
1765732.6
4771860.0
1658945.8
326968.8
143706.12
812200.44
621924.4
265683.47
2532788.2
2065751.1
1095776.4
3534052.2
2668318.8
1146548.1
1385783.0
519257.6
445803.4
267138.34
437190.0
666646.2
2230504.8
322570.38
36544.58
1246025.9
126957.43
351262.75
90455.67
10964.257
49898.84
63315.914
38160.0
30786.092
