5167372.5
57996.973
56813.82
81227.164
51829.945
48750.22
214888.14
103192.164
552248.1
18350.117
77.244804
3852.8525
2493.4553
2439.4578
1540.1638
21737.805
983023.2
3582021.8
154953.11
62040.066
21669.45
48001.996
48001.996
50971.312
196637.2
5600432.5
160805.92
60609.18
46582.695
171827.0
16405.469
9025.924
805836.6
11035.465
2781.3264
1042.4517
396.26785
607.69336
527.2869
259.3151
410.13507
481.65894
1183.0684
2994.1287
12710.749
35090.92
23114.46
30576.488
30242.344
14099.942
17130.94
25228.477
29468.664
40753.793
44535.082
43399.45
27796.805
24141.441
14839.748
23581.314
27986.846
54393.81
40351.098
34486.734
22720.473
10337.05
23396.893
4509.294
6605.409
4951.5557
18106.713
16645.094
37148.11
12738.151
16997.535
13398.54
12268.046
2824.535
3190.648
1627.3718
979.6947
2210.6404
2323.3804
5525.6694
3928.2966
19860.066
18615.99
46964.617
33180.098
26973.475
19694.523
8182.4995
28121.035
25364.35
15322.56
8966.52
11827.156
92320.84
141073.84
29046.115
13079.41
21850.889
26182.506
38956.58
59223.953
22942.166
48208.04
87654.15
116152.195
27031.096
83927.055
83606.93
33528.008
13245.128
82315.95
29872.434
13505.204
4839.9033
