15961765.0
37691.17
257618.03
240838.52
336327.75
64097.21
33545.652
2831738.5
106347.85
231575.97
169543.05
318877.22
188824.03
15876.81
3771839.2
143192.67
164128.31
1943399.9
689260.6
726454.56
654729.1
899515.56
199858.66
1841387.4
41927.316
3292771.5
250014.27
141012.89
201796.25
135388.73
145669.62
2367774.5
41630.016
14003.485
45744.9
172012.78
49224.66
7519.999
41426.06
23736.738
49945.242
63720.41
66564.77
22616.385
3547320.2
365249.84
256648.2
77477.57
29509.783
2305613.2
1106698.1
698222.5
1704818.6
305418.34
2350051.2
3408571.5
1179297.6
345623.25
640941.7
1118058.2
17601.752
16147.077
176724.38
