1300065.2
766564.94
191403.6
9868359.0
626595.4
348654.53
769260.75
163606.06
848538.1
764628.8
3323644.0
1976545.5
1517248.6
288627.62
3455778.0
1571536.9
1296663.9
1688490.8
2539780.2
1831282.1
1309611.6
47455.723
52931.22
1080414.9
64227.1
1189393.5
3573.027
3568.0159
345824.44
193274.11
1602898.4
128913.8
156529.17
2512361.0
229863.61
239694.42
4519224.0
1091920.8
262684.2
2179816.5
190090.98
1016304.06
277343.25
327198.75
1811265.8
21067.832
611400.75
649426.8
438066.0
879134.5
5697030.0
1597943.0
99861.16
648425.2
876715.8
1676149.1
2369988.2
844159.5
1069481.9
1120634.9
1270612.0
270081.44
3679880.0
360639.94
4338283.0
1873049.5
2199430.0
5566586.5
792475.0
2651793.8
2373386.2
1977404.8
1823512.0
3083686.5
3172177.8
314475.4
6132345.5
732481.94
256486.6
5359328.0
1639056.0
664299.06
1963903.9
713207.56
2025670.2
4476.5405
13229.286
18629.656
3809.939
7234.8076
7360660.0
119031.91
11642.58
9806.967
301187.88
168457.45
