11833.23
62949.875
140629.53
173408.64
10817.591
17391.168
108960.305
4675830.0
660089.56
120216.4
2166637.0
1130158.4
242440.28
12972536.0
308089.56
1600532.5
2096709.4
1445701.5
467245.34
807065.25
7090684.0
965389.3
414007.5
8754185.0
1223946.1
396941.03
1727608.6
4975473.0
5450547.5
1783451.1
1878417.0
690272.5
228202.48
3088444.8
620616.44
70970.266
19215.809
10661386.0
696615.56
97773.68
10217371.0
4681602.5
3471105.5
1876597.8
991374.1
2058438.5
749621.8
1410439.5
2490055.2
1843398.4
479114.34
167476.3
1731769.1
62213.47
45786.875
729183.56
136365.58
11239692.0
61560.85
1613014.2
1442289.9
6429288.0
4806349.0
809564.94
2108537.8
270307.62
1930924.4
554728.56
792604.6
393154.22
1975953.6
502484.88
215944.14
326134.9
1215437.1
11095237.0
259331.03
176346.6
39902.348
164452.47
69050.42
45216.83
49849.773
133040.02
63733.117
81485.47
193435.7
62927.87
66620.57
62618.3
1323311.4
