132599.28
69945.58
341642.9
211440.39
98696.086
153561.38
144557.98
117729.164
154398.64
3469084.5
1412702.2
1672167.8
816418.4
2297380.0
242083.31
300931.84
3236960.8
2594972.0
1655430.6
143703.6
1005533.4
442133.03
898045.75
1672475.6
560174.1
100750.8
65846.4
114500.086
2385488.5
375384.12
177697.33
954334.3
304223.28
219809.22
199037.0
1522620.8
143145.69
277946.84
2548369.5
382921.72
1527663.1
395844.44
233861.4
317207.88
2363847.5
134323.08
1390383.8
24164.795
8113.016
11709.913
60565.848
3519.4014
12421.285
59820.85
36031.08
35368.195
7707.1045
63151.96
9768.965
10887.312
