309587.0
512043.72
1104364.1
82789.45
256064.47
2669939.2
872938.7
1445330.4
1262169.0
1031986.3
617789.3
2054081.2
21245.879
1009510.25
78316.016
179117.38
730555.2
1286077.0
263304.1
10298.302
246163.25
2625684.5
391756.12
541952.0
278157.94
176472.38
1325494.5
2361407.8
923377.0
1357538.5
1679797.5
63010.46
2083368.4
270323.16
2451149.2
12423.213
1657278.4
1911557.4
98498.805
94784.9
2428440.8
1127436.2
29320.662
37253.527
28281.902
1046139.94
405395.34
334876.75
21259.857
2384754.2
1461014.5
3790613.0
1748958.4
7199.173
16824.836
2247.9187
3546.5942
3650.789
3795.8564
2785.1697
3453.161
3120.4128
3637.828
4494.596
