462106.44
2639031.8
405903.4
594890.9
1079632.2
2265481.2
1844.51
219720.56
3456.8008
4990.001
1824550.9
13164.213
8777.063
845352.6
187870.52
651013.8
181828.47
887846.7
246617.81
1855001.6
1580069.5
61134.16
2403077.5
4339867.5
3131225.2
535840.6
4786741.5
3501481.0
260453.55
746174.44
759622.44
1944342.8
2611481.8
251108.45
1156411.2
205845.14
2549717.5
635856.7
748642.44
1215444.0
1125875.6
101246.6
712669.94
292740.0
455315.78
22138.588
2667569.5
68995.125
287556.03
136140.33
16065.367
857088.4
752588.56
450273.8
367799.88
179047.69
41010.91
11072245.0
173275.62
136681.55
