66106.42
11711.782
18206.637
135979.69
162127.81
20949.633
73338.51
261307.69
61896.88
41470.42
67395.3
5959926.5
42327.027
12886.181
10004.919
7907.7207
9876.481
32832.72
33105.16
37975.32
30770.828
28279.43
5154425.0
75133.36
21643.252
124689.77
4268.1753
20272.068
33283.875
28585.105
14341.465
28688.959
16861.803
10696.462
266679.25
281211.94
30771.438
11330.135
9480.536
10128.139
6094.425
8377.622
2749.7988
7245.768
8202.544
5143.303
594074.7
244228.28
10604.305
10478.566
94299.06
10958.811
14412.832
5978.514
32446.633
22270.559
710929.8
130412.29
30175.357
23490.05
8623.699
29668.059
294571.0
109789.46
27916.334
21831.994
12883.643
16223.318
230765.31
119726.17
34179.547
521163.75
73865.1
24864.85
208057.31
93030.54
59479.707
31063.59
21361.215
23837.518
20990.955
32298.98
35464.566
6037277.0
225939.25
659599.06
308756.56
6568.898
81989.25
24475.799
15108.772
3589.2964
43152.67
80774.43
242731.28
1607242.0
223955.14
1193758.1
417636.1
121278.33
70052.77
250440.62
47186.816
35676.266
36441.727
27306.416
