38709.277
14304.391
5303.872
3105042.5
1614978.9
3539120.5
225453.88
808868.06
1178001.0
76221.89
1245930.8
2359623.2
2331519.0
830781.3
1906086.4
2298631.5
4265632.5
2588281.0
1258648.0
415661.94
1023393.94
33139.84
250129.73
440302.2
488794.7
748230.9
211963.44
1050390.5
2983601.0
275928.88
899960.06
1761913.0
1108718.0
1152978.5
3563040.8
2382769.2
3923120.2
1812600.4
5813.1753
1967235.6
1533459.6
2161036.8
1978990.1
573550.4
2016784.2
981693.6
2342804.8
3256259.2
804515.4
2892379.5
547751.5
3604.1763
794650.2
1749875.0
1227648.9
1119714.2
6504.4272
9435.352
6055.9814
4135.58
