403716.72
61742.1
205031.31
1131817.9
242379.73
1108385.5
491212.62
213765.03
1122554.9
633875.06
2768086.5
714431.94
761989.44
897950.6
345151.78
313655.62
85785.66
2096223.9
2166525.8
966398.3
296308.25
409453.94
70288.875
566755.2
1502162.1
1165492.6
684193.4
1011276.2
286636.6
169136.14
1187324.4
1791727.4
509478.6
641677.75
253230.98
262615.7
229781.67
391227.03
3211565.8
97255.77
190734.02
205227.89
119397.13
71783.875
58799.566
880124.9
1143873.1
96854.33
16354.732
3035296.5
113927.65
356986.28
91480.08
79162.21
2014850.0
511194.53
50561.21
435163.8
133542.5
6161.864
5488.772
5934.6484
5865.127
