439211.2
145006.94
41542.51
56380.535
1124798.8
7381.74
6709.2554
5220.916
1710597.5
4266.129
2043533.6
2505.2058
340740.6
678214.56
11646.167
823673.25
1045822.0
897734.4
1083152.0
1059779.4
834812.5
1750827.9
375506.75
2766757.0
3680807.0
819559.1
166503.58
1367979.5
1291002.2
1058004.8
1420473.1
474985.8
844493.1
1435170.2
1936098.8
207825.7
2422.7139
295726.94
38357.92
917392.5
165188.14
2004311.4
548461.94
2707957.5
18870.559
2502.3245
7342.124
1097593.8
1021329.44
90076.32
90704.75
21172.85
5995.532
7101.5503
55923.832
5595.615
12855.157
8169.9478
14886.614
8904.965
3747.2048
1920.4552
7551.495
132799.73
58917.96
1941522.8
