334121.72
780507.4
1498466.8
1176418.2
258202.78
697678.0
839110.94
3448978.5
2769305.2
896734.94
1503693.8
4482512.5
1476287.2
135905.97
1023598.94
2148684.8
366395.12
1534606.9
908470.6
404789.9
698314.3
1792957.5
674267.6
2832061.2
655102.56
1569246.4
693661.44
336672.56
280382.8
181688.33
968650.44
1234197.2
1219217.8
1374994.4
928296.94
2048471.0
1568865.6
944889.6
1574891.2
2412365.8
2299430.8
1060394.4
1925143.9
236993.86
2102195.8
260741.39
735774.1
3045361.2
231235.22
98593.82
4386439.0
275516.7
243403.75
3205628.2
112801.25
1007870.75
11833.917
11851.124
405107.8
27501.598
