217024.02
145858.8
63820.785
834901.44
88660.46
55499.277
26743.844
290322.06
1161485.2
71824.18
72725.59
284175.56
50564.043
612119.3
7273213.5
9232.209
137953.03
35225.48
1083632.1
28397.396
19024.592
2605743.8
1677741.9
41762.453
2591129.8
45644.453
146782.19
8197878.5
3193.9707
325343.06
10146.548
15196.374
1425920.0
3649997.0
28853.43
2358281.8
94682.2
1629517.6
1276072.6
107587.45
71966.93
2083093.6
657406.06
956075.2
99390.734
6994766.0
17511.078
10522.457
2887.2727
4781.1787
250393.02
36051.465
2290117.0
2003775.9
1926531.9
3118052.0
103127.836
233480.52
242214.7
4401444.0
35095.613
46049.62
1629644.5
115714.92
469027.6
57757.11
25677.52
62180.254
2180990.5
36014.85
31807.027
46847.17
1977660.9
114317.66
158401.08
6214308.5
3797.3906
2788.2605
244685.62
76265.49
2455956.2
95475.31
1948544.4
64115.938
779627.2
2929498.2
69041.4
413047.84
1198569.6
5201088.0
2727312.8
1919563.0
2082965.0
185861.44
486155.66
285367.28
1168327.2
58336.19
159830.23
15011.196
639855.06
50500.582
902748.8
438586.7
132286.78
1338063.2
