4839089.0
47280.76
48158.383
113820.46
14269.996
14979.792
14284.8955
156753.36
29990.799
607027.0
98456.37
81744.93
69913.69
6094.0547
35350.137
66416.7
9323.211
16420.836
38171.848
73731.086
168107.98
15818.362
16357.3955
22363.531
31855.986
162043.45
62146.25
27288.92
60518.418
53454.555
41756.527
19847.281
205048.33
147389.64
18053.873
5747.687
25402.492
15175.259
724580.5
190540.28
8304065.5
1637.1881
4787.1694
40172.945
1228311.0
496512.22
1791.4631
263070.3
824661.4
1203767.4
1423.7852
1857859.6
5175.8193
5862.0913
770147.06
522761.1
239403.23
732317.6
6556.864
424035.1
123703.92
126020.625
127645.24
429825.28
29253.443
233637.92
10595434.0
4522.0767
559873.06
895495.56
844.2341
2236.2131
97167.39
1819.0942
428.38065
2170.167
4169.4194
68240.51
649.43805
200371.98
628098.44
180205.31
4744614.0
1263593.9
659652.8
942580.5
1477060.5
1615.0845
5642.564
1454.6052
790004.44
1064171.6
1227617.1
1092876.5
783162.1
8732.742
23901.94
55682.098
17916.1
8458.098
1283.4508
22950.988
30117.016
610035.56
104278.38
16753.89
31985.85
1841.7812
1500.8219
443335.03
258046.52
26142.105
165094.6
29929.625
181978.06
50152.81
8380437.0
122957.72
123482.12
