229111.77
197482.61
630516.7
153943.98
2277404.5
1424699.0
304894.75
904125.9
539470.44
1498069.1
741354.0
108754.016
3647888.8
1755563.9
1323212.2
294225.53
407220.8
36862.1
2218.6602
1282942.1
1369497.8
6565139.5
833985.75
292982.3
2690887.0
600415.3
613811.7
969301.44
702569.6
977564.44
351182.0
368049.4
461262.72
1653404.4
3141993.5
163724.58
1001773.9
328099.03
3465417.2
393103.12
45406.543
3969866.5
2110508.2
2621853.8
293897.84
360414.53
1620010.8
185793.66
3422959.0
1820822.0
2403634.0
1118667.8
483286.94
1379460.9
82520.37
23727.518
402630.28
1458592.4
1438752.4
2810498.0
10417481.0
1090693.0
695598.25
1121649.6
1104389.1
1041221.0
1907252.6
486401.75
18623.074
9045234.0
20586.773
20376.537
21363.863
378775.16
22776.008
18007.145
18007.145
18262.758
