438791.06
467762.75
563131.06
835093.7
181467.83
394779.34
316045.47
260904.0
517437.03
297520.28
125903.89
403626.4
440040.78
660707.06
413173.84
191638.34
1297761.6
2180043.0
145625.8
2058639.9
245027.8
518082.66
173087.73
188139.1
88714.59
1576497.5
757425.56
484695.88
480008.7
164617.0
1401510.2
1434941.1
1052808.9
1104920.5
95196.56
669153.0
105925.25
165231.12
40181.51
47195.18
80978.51
156918.48
615099.75
811776.75
1561790.9
3879354.5
1424640.2
308283.1
517116.78
300198.0
126255.23
215997.22
323065.47
825960.94
510928.47
81862.26
417848.5
