10021453.0
20068.877
41644.43
7825.235
2453216.2
25747.766
16929.742
27674.652
250279.44
4546703.0
27122.303
30199.932
5477230.5
278124.06
1306258.4
660675.8
1519811.8
661414.25
322091.66
69818.28
117496.086
51682.082
24994.37
23517.207
24050.275
454217.2
286771.9
1179603.8
23183.723
12553.588
1231121.0
71951.46
188033.6
531829.5
346100.88
820013.4
1404355.4
3877354.2
157537.1
278868.22
29144.16
1092125.9
2797519.0
1575333.5
325755.16
189151.2
6244295.0
1997389.6
1352607.9
991761.25
1569886.9
1397778.0
263635.8
3666205.2
314697.38
493681.1
1367391.4
297844.84
16583.322
156361.14
148243.06
