6010738.5
780307.0
935906.2
1685476.1
221293.05
150985.77
60678.273
252043.67
502902.3
39475.74
362796.72
31655.744
291421.62
90905.195
167358.92
54180.12
868829.25
59794.176
885369.4
566764.06
585575.2
230195.12
35153.08
199529.31
26391.617
92669.54
569060.8
24758.342
678897.06
585625.9
135595.22
121062.63
2904782.8
710354.75
18145.06
420482.0
9412.1
288098.72
847514.7
1218866.1
1593021.0
934547.7
1863443.4
131312.2
599958.6
130646.27
121244.23
49674.336
58470.402
108222.53
830575.75
255259.64
37532.773
273502.97
39264.582
30354.42
264336.9
10884.166
9925.095
10321.469
199784.2
148243.06
