2178155.2
5647426.5
235834.33
456421.72
1669221.5
1666987.9
6654026.5
844686.1
646125.8
1404211.9
260916.83
2373919.2
2066071.2
3262865.8
1013261.6
488112.7
2424014.8
5069068.5
6250884.0
218257.61
47275.605
456147.4
1060848.9
92455.14
2104617.8
9886.072
371.42123
1041022.7
836524.25
2166940.8
627470.3
831068.2
20842.898
8781707.0
82425.53
412976.06
3754162.8
1909727.5
133889.83
316441.53
627551.4
1015310.94
2397120.5
1455746.9
2515422.2
586253.75
3085738.2
817633.9
791913.9
1083919.0
1805829.2
1309913.6
1237082.6
756204.56
611939.56
191898.28
5658250.5
1203538.1
3034602.2
8151828.5
552041.06
314554.16
3820985.5
13589.604
1488748.5
128033.26
1563098.9
1373511.0
2882220.8
693450.2
966187.7
51107.367
686822.9
3951803.0
166303.44
384062.34
2461593.5
2367224.5
988217.44
1311082.5
308597.06
406673.6
1299038.5
28177.61
206746.42
678336.9
411996.12
14532.783
3600.7634
605372.4
