500945.8
2728048.5
3609749.5
3005062.2
1162532.1
2231731.8
138137.27
1514805.1
64214.92
93337.4
190990.23
67853.625
376680.2
238690.75
772613.6
404493.44
160794.61
448818.72
18346.168
7787.2563
832438.0
7605.7446
233940.16
2026458.0
2481195.0
50410.566
224129.28
81335.914
540642.8
709696.56
6144.8296
209983.39
36388.855
804735.8
4457808.0
1099893.2
62790.93
330486.94
1028096.06
275454.1
1897151.6
1252228.8
363576.2
328379.03
1032791.2
1857275.6
2652400.0
786175.7
803413.25
1015780.7
1892514.1
41635.715
92345.99
831214.8
122019.484
252027.19
726828.44
143293.94
1272640.2
1876081.1
147001.58
93449.77
288558.47
967027.7
2888821.0
739948.7
3348824.8
196292.69
191174.73
370445.16
61716.008
448317.8
482348.47
315425.7
516998.03
1015652.25
1139997.1
346418.1
498555.9
1874143.1
442237.78
365563.88
132490.33
450023.94
204934.4
1308018.5
498651.16
1094706.9
267724.6
524402.1
943744.1
941482.56
303993.06
129979.78
1721131.0
511833.25
1258771.5
296069.06
530101.1
1221383.6
199026.47
561649.9
68566.84
1591784.2
182964.61
1525257.0
60922.484
541783.8
102050.57
164472.03
