1528504.0
3006297.0
68567.26
949196.3
6869535.0
314528.84
35695.867
881881.5
3788187.0
441875.44
396749.75
2203048.5
303594.88
293603.0
860880.44
443846.78
223264.48
351067.47
1274257.1
5659839.0
604438.1
404419.6
259181.97
1522090.4
428839.3
32625.248
880792.7
5997382.0
1527502.0
879101.44
333523.94
494773.84
3592757.8
1638688.1
753249.0
2933504.5
6289560.0
1537182.4
253048.66
537369.4
1951463.4
27032.336
658643.0
229455.83
653606.8
545509.25
488908.56
623745.75
653702.4
282733.34
389404.8
186079.75
804605.2
1158999.0
501043.97
1860539.1
590627.4
356288.62
1134330.9
848431.06
468879.6
782442.94
1833894.2
1357124.1
528003.56
607107.25
1397923.9
1232796.1
148243.06
3176132.8
5332950.5
338901.0
348463.7
160734.84
535832.5
285366.8
93977.21
882328.3
402594.16
2871932.2
431959.7
385622.6
332990.28
274357.28
332013.62
271591.12
360369.9
