57306.38
464609.12
9351416.0
420344.3
658281.06
660250.4
2424266.0
92480.76
790613.3
383004.9
148054.78
201730.36
699600.94
1960614.0
3559591.0
4434542.0
673138.94
215829.3
314618.9
2166367.5
359623.1
1252956.8
6068169.0
1363888.5
369947.8
724170.06
163481.03
552865.4
934966.2
412430.16
2097730.8
63735.06
1044823.1
396230.84
897216.4
519064.3
837684.4
308804.38
10578.118
520611.12
2330044.2
1184745.4
4170073.5
262827.47
1799234.4
6308731.5
2118743.2
2535760.2
58810.613
773739.7
281318.0
546142.44
2021948.4
483551.72
1998082.9
1025914.75
948134.6
357762.47
3440680.8
392578.1
2728783.8
3751086.5
1550408.1
2237680.0
1468108.2
7304.186
10018.679
1680895.2
