979580.94
1967225.8
1782329.9
894291.44
103029.164
457402.62
3009296.0
56485.61
41300.42
3323371.2
5482.6104
1083946.0
248273.53
340383.2
1231190.6
91189.45
3220424.2
5499080.0
3980058.2
529697.94
2196036.5
1503835.2
2880891.5
558163.25
1539203.8
2635500.8
362235.97
1009212.0
6758035.0
33742.582
580538.7
5533353.0
3475899.8
1778241.2
963868.56
5777.6377
797665.2
1718397.9
1364597.9
77436.94
128927.305
172489.94
54911.496
3147457.0
332975.34
887564.5
1715708.2
471337.5
136450.11
2527157.2
3928262.8
1597731.4
2383121.5
55561.938
1286328.5
328979.66
3090709.8
1212435.1
501766.5
783340.8
1688920.0
1661064.8
2482055.0
219055.5
178992.47
123286.945
89833.2
151034.38
363496.4
29425.217
34793.023
84922.2
25702.08
4706.588
34763.613
10307.961
13567.856
389610.6
75714.74
22071.639
22078.709
