123223.48
2369016.0
1225327.6
538258.4
1316885.6
923385.56
234121.77
1111986.9
1527327.5
501521.78
683460.9
730899.9
823767.56
1640151.5
1388275.8
367960.88
194932.62
1625325.9
524281.22
173837.5
669716.06
100250.52
43244.68
78527.83
62452.13
87386.23
1787487.8
358034.5
1170882.0
143437.22
1608360.8
242809.25
37585.55
377036.06
116971.99
487187.75
483831.22
734893.6
62729.812
134798.39
608027.75
1087982.8
1549936.8
696138.75
179418.55
1386133.9
972093.6
488530.03
31482.404
1222298.4
172905.47
280284.16
364476.75
589735.2
533135.5
167794.19
3990405.2
1788728.1
692287.4
5296738.0
1310882.9
1950020.4
90209.55
698607.4
12639.956
72698.19
252407.64
991587.6
72115.73
754054.4
394434.9
168444.06
612462.5
45482.75
802834.3
410801.72
377559.1
38857.77
1306560.6
233701.66
2049758.2
121081.586
78795.86
63742.137
1698762.8
88937.81
2368123.2
318924.9
21704.438
165274.84
148243.06
148243.06
