157691.42
48120.383
453750.66
1907929.9
304164.56
253308.38
312252.44
1501112.5
427671.5
327504.97
3782066.5
383498.47
121291.484
2095886.5
282090.97
1724673.2
320843.4
219578.38
3572964.5
5460.5176
176587.0
2552.027
947630.0
60618.855
196423.62
2043500.8
35350.176
3022805.2
2105114.8
776657.06
1806658.8
1327972.2
1796640.9
943315.94
2256391.5
8667.542
1040538.8
2285565.2
4346380.0
12368.419
6737.6416
915513.5
1445038.2
2149697.8
1787463.8
552093.9
622798.8
293228.1
1291861.4
1213788.2
305821.25
1051090.8
1302956.9
1904298.2
30392.824
27312.416
3004053.0
2847321.5
3513595.8
235080.86
25668.0
1519994.8
1260.9886
376.8534
562201.56
3915841.8
4832940.5
343896.53
13258.888
111773.45
1036717.1
39604.21
48498.19
209105.89
14906.257
2201755.5
3606222.8
7762291.0
120764.88
71259.78
68816.03
68191.734
68895.984
181376.92
464864.2
