998860.44
2388119.0
4646487.5
1931819.0
1060046.4
1053002.6
648469.5
52749.61
591690.94
184935.05
55922.668
565462.3
816768.94
60076.29
116820.68
48159.207
10659.416
14356.529
230627.34
488816.2
1006023.25
254920.78
1572450.1
42476.71
373438.0
761361.9
935151.25
1104323.5
721166.5
532867.3
1318668.2
2495012.8
920227.7
3656494.0
2168829.8
986011.75
1374759.0
953456.5
2869342.0
343609.03
363291.6
322926.44
1998178.0
667355.8
576416.9
1459037.2
913314.9
865219.56
1692975.0
3630572.5
121977.41
706962.44
141811.58
1162208.2
386410.62
712260.7
1684193.2
2391549.0
2393109.2
778430.8
1160190.6
2370528.2
1805809.8
1163548.6
93618.1
195360.94
2478055.8
2735228.0
1850329.4
2820281.2
2406436.8
1944862.5
7863752.0
199460.05
497978.6
311420.5
170631.9
1384044.8
121274.61
712958.3
5039639.5
5193092.0
1526070.1
946723.94
1962721.1
1040933.75
1787957.5
1523616.0
2106183.0
642369.7
1744633.5
735373.7
2903891.2
69306.375
1028386.0
88835.4
335133.9
239920.45
238926.08
97999.36
855369.3
414978.5
237899.53
1525385.2
161418.73
215390.58
174475.25
