4500199.0
389835.0
108614.11
3682394.8
1168508.6
228884.84
1744890.2
1157137.8
83410.73
4970161.5
354040.56
437523.22
2595053.0
1482395.4
470217.94
386661.62
2076566.0
461450.06
1388125.6
2412559.8
149998.27
2173328.0
2334914.2
1407207.6
54967.754
1803724.9
2032547.8
320932.2
1375374.6
7615161.5
425524.1
147357.12
844084.94
8869259.0
685963.56
1051066.4
317987.2
2058043.5
1680676.8
640393.5
794221.1
599566.6
969301.44
86761.54
1979890.2
361954.62
577125.5
500439.16
931899.75
136993.58
705850.6
2421095.8
564633.5
624597.7
629056.5
696647.56
113535.695
3097694.0
4600635.5
2049956.2
2778947.2
1065078.4
4403931.5
841982.75
2090830.6
345191.06
1312478.6
630639.6
8436139.0
1659492.8
1413366.0
413890.97
2050059.6
1107940.6
3071033.2
2335213.8
1278302.2
2740901.2
760728.9
4116343.2
919564.3
42145.277
1377324.5
641484.44
53053.523
6672.0283
909.30676
