142237.11
546027.75
1551660.1
1013355.7
1134200.2
5238.7495
259.30667
433475.56
1490160.6
581556.25
2742896.8
2886452.2
3336618.5
2147114.2
780501.6
4327161.0
136754.77
231207.48
160818.25
353449.5
1235149.1
38685.316
259699.55
387560.78
432657.12
288888.34
1692113.9
1169913.0
481055.88
373770.1
1147731.2
2597957.0
2299651.0
152011.27
818006.9
1493186.4
670554.44
790786.3
188915.77
140460.03
2897707.2
782048.0
3305546.8
232383.12
2841459.8
1129966.2
1842073.0
1390149.8
3075973.5
3087897.5
143899.86
184032.8
396682.6
674038.2
1363040.9
727207.94
983837.0
3265359.0
659417.06
623738.75
1032811.9
2660528.5
1877663.8
257605.72
179316.14
253030.56
1588674.9
67132.97
3358800.8
101081.055
3514698.8
181184.42
909198.94
1047201.25
221008.25
432939.0
439603.88
695097.6
747151.94
387420.94
566699.4
6812024.0
235319.9
2518529.0
2277307.0
1084938.1
3840394.5
563518.8
12142047.0
33729.285
37935.816
37935.816
