13254.488
5298.9443
4503.031
9877.066
5776.6294
3185.2664
9822.0625
4217.318
3558.3835
10057.057
148172.88
7205580.5
2346071.5
77132.195
38658.145
10840.553
5574.137
3718.9714
15542.7
7714.8413
9734.268
6778.3403
10613.884
20811.14
17498.34
42688.902
37352.832
16928.916
4215.397
8756.502
15894.203
21100.637
22832.275
16975.32
2870855.2
222885.56
514432.06
25228.393
256421.14
263024.84
13786.069
17859.14
40629.816
69382.51
29560.234
15400.248
179159.33
170303.72
48560.79
20812.977
12625.75
49716.938
8630.063
31692.914
54276.19
25189.479
54249.71
151435.95
286032.97
40887.277
56053.86
73615.92
71913.414
81025.016
58600.004
106792.89
69638.43
28497.201
26526.436
36550.773
67880.95
141437.52
116403.08
75043.555
41044.383
141241.88
39743.543
12238.742
107941.26
37957.77
58125.21
28333.613
21029.7
564771.6
37131.27
35138.72
81213.625
142139.14
43493.52
81890.305
113534.87
79538.6
186011.11
11844.735
46314.535
5830.802
40674.555
11041.377
41544.875
18217.492
36460.97
20991.25
32935.746
10812.279
27067.012
19038.621
29990.678
