453043.53
1297440.8
718351.75
715851.7
597019.56
1747200.1
984868.4
249930.88
33699.91
10625.446
2882.3672
1119213.5
4001624.2
848266.1
1348128.8
293659.03
1835031.1
274094.44
7221342.0
93279.01
1073748.1
1039076.44
443532.3
1650170.0
731511.9
311873.03
3201446.5
19775.816
1629075.4
232182.11
126696.44
8660492.0
642786.44
116377.82
2671346.8
105136.29
562087.56
1376192.8
1487689.5
1105008.4
1620752.4
1565084.4
8572542.0
33656.047
3656266.5
2309609.2
1064197.4
1309243.0
1112861.6
755626.94
352493.7
2027753.8
965212.94
1639396.9
180277.03
48367.586
115377.19
177795.69
1933.9647
470113.56
988529.25
998.1707
2184.5908
597.8398
7942.0747
2345.4307
2061.912
391.1828
5943.425
1992.8433
