614715.5
2105295.0
1218510.8
118228.625
1168654.2
1049271.6
1412103.0
567893.3
136572.53
1673470.6
1215403.4
2107827.0
2020556.4
546347.3
765455.75
433340.72
1391053.1
1111258.5
579432.44
279421.2
554487.5
1531371.2
2489093.5
502025.75
826508.8
1920076.5
777352.2
276182.2
1968358.6
869609.5
1178124.6
629543.7
1646896.6
2723918.8
2593947.2
1196023.2
2757321.0
1601213.4
4125231.8
289757.16
1578712.8
1816663.5
1345983.6
2047272.6
1826035.0
2505435.8
952467.6
2301825.8
1269585.0
1217298.0
2485348.8
4817855.0
3841.3247
7038.717
2827.05
3343.824
4778283.0
17686.316
17193.432
170330.02
148243.06
