53792.48
21436.506
19098.684
106408.27
2030976.2
876078.3
479258.62
3395118.2
163431.44
890859.0
808715.25
811485.25
508372.25
1583505.8
1751081.4
996259.0
317093.53
993109.5
1002404.0
223084.19
7055544.0
2162506.2
2306981.5
996098.9
811539.75
1467148.0
833097.2
1491299.5
2777296.8
1868963.0
1284478.8
2259137.0
309886.9
273760.22
291526.1
118720.016
1871760.0
326610.22
617500.8
3395682.5
3890171.0
4058817.8
1441866.9
1208951.4
876179.0
934606.3
394735.97
7508565.5
1716491.0
4436520.0
2197986.2
3113793.2
2141252.5
2741076.0
2722878.5
306165.06
831936.5
1728564.8
1371033.9
1575361.2
1528352.4
1348610.1
1767071.9
1216965.6
1513870.0
4908468.0
4053404.2
995164.5
3825962.2
16237.978
119087.73
165966.8
70878.234
5970306.5
5988000.5
764273.1
1630854.1
41358.83
19034.83
360081.75
504685.56
122209.89
