220978.27
7238294.0
444185.5
100527.9
4729195.0
47420.043
347550.78
2930059.8
1509567.5
131462.83
3069354.0
1302509.0
3871284.5
3259831.5
2053746.1
1374796.4
2439022.0
5312207.5
1319333.4
1148410.8
634274.25
1700918.4
572821.8
6908463.0
1807014.8
95550.41
2316715.2
2691021.2
1334351.0
1337484.8
752629.44
3250605.2
862657.1
383668.97
3105246.8
1998379.6
1623665.4
1251878.6
26985.795
63675.797
74745.35
234636.67
11866.701
21359.451
678705.1
10382676.0
205920.55
23605.16
4143346.8
405546.12
8551.365
5036.038
1766.2611
2715.2397
1731.8729
770.2804
2569.866
1701.9801
1799.2161
