3675814.2
796133.9
57471.25
247457.23
243525.83
1358332.4
919085.6
13885.429
1061184.6
159166.84
305498.75
630854.2
984758.75
1636211.2
5106919.0
87859.94
1047127.7
198502.06
1061166.0
105475.42
114926.68
96951.27
112981.82
62988.17
82008.97
339074.6
50083.67
179059.31
1265808.5
233512.19
1731767.1
2004965.5
704378.75
231762.36
1488590.5
138878.36
70189.82
31104.824
1803501.6
1721332.0
247541.1
674268.4
487679.44
630692.1
863059.5
430618.38
155445.38
749007.25
1294811.1
715280.75
261815.34
989636.9
457519.38
322785.1
53548.29
1051131.0
307535.5
852019.2
2481252.0
2015823.8
453303.0
366403.12
80384.04
967893.44
808390.1
629164.06
78724.836
2477882.8
305779.94
382893.53
294523.44
269107.47
4017.1753
9250.3125
2161.863
3422.275
