1112184.6
910035.44
1097654.1
1808781.6
1374746.5
247867.16
442834.16
578182.5
189774.53
929479.1
335415.66
314807.16
473932.97
338733.56
2576694.2
795728.75
500546.06
661843.9
775981.7
639026.25
805110.75
794462.44
1655960.9
563487.4
722868.6
371547.34
655653.94
1166888.8
1887109.9
827277.44
1451979.2
1475051.2
849994.75
820658.3
1176364.1
1282507.1
108896.5
1060565.1
2342893.5
316723.97
921858.4
538935.1
745902.0
524155.12
601327.7
220626.75
277164.0
418983.47
972159.2
2181731.0
334096.3
199542.47
603624.2
527988.3
1221917.2
442458.4
883562.6
552219.4
812443.3
2666150.0
209995.14
201447.86
