6589756.5
1673591.5
1185014.1
1931082.1
485052.0
1360185.8
42519.21
648259.0
1966545.5
2624899.0
194935.0
3410634.5
176037.23
1419163.2
1928747.9
2295827.5
4009440.2
729253.3
1361042.8
595432.25
1973176.2
1300852.5
233836.16
2186280.2
1631504.5
875197.3
1802782.9
633456.56
364078.2
927861.25
845802.2
873444.1
1021735.44
552328.25
1101554.4
343310.56
1111091.4
1572140.2
411385.38
203373.55
102166.625
582205.25
2553326.2
2012549.2
2536644.2
276575.2
393828.4
88981.44
910496.5
406679.16
634404.94
835102.44
352898.75
364512.88
97802.57
138176.81
1153215.1
659502.75
513222.88
139643.08
572409.5
152125.11
