1930759.1
57036.68
34224.164
107037.91
46445.973
200946.53
12889854.0
1471238.2
956612.56
1534293.4
1019328.4
709394.06
556088.7
598254.5
1220522.5
980410.8
1265677.8
541154.8
908394.2
1531821.8
638494.6
696188.9
907617.25
1205129.0
1369255.9
5225024.0
450918.6
1278007.6
237019.58
897111.8
1001887.4
2716004.2
771071.94
1052604.6
1655025.9
399192.22
995238.6
2731739.5
413012.22
305859.2
878391.5
1161902.8
1534312.2
381801.7
2823739.2
2643939.0
1679208.9
380118.1
1775916.8
987769.25
3313437.2
557949.44
3798788.5
1447514.5
368982.56
608809.1
1490637.4
2077181.8
2636047.2
484566.62
4723133.0
2111564.0
288053.9
1160950.6
1437697.0
1494683.2
737927.25
727891.44
3976458.8
833930.2
632096.75
275606.84
1205858.2
1804462.8
1784243.5
207804.97
112584.2
259082.78
250282.78
219456.17
1837841.1
