148243.06
9589308.0
806638.6
1340669.9
548613.94
1553699.8
2550801.8
718013.06
1032779.06
102163.945
380870.38
1149069.6
1461567.4
83107.016
1342645.1
896637.0
1441693.8
406560.94
1129543.5
795285.7
1055802.6
669448.0
597359.56
1248858.6
125855.29
287440.9
542857.4
1813421.8
592662.4
2442344.0
2057057.0
1515815.6
2637300.2
18476.398
80592.836
4133498.0
2776378.2
2858382.5
2230180.5
599925.75
204688.28
8679.489
4720768.5
1273509.9
2236115.2
1876731.0
23368.172
25743.479
18820.875
29458.402
4297857.0
1148586.5
2910146.2
542986.3
1803315.1
1999277.0
3675213.2
2046933.4
1391267.1
1238296.9
2058445.4
1755780.8
89612.38
713608.5
517489.38
1401965.6
356816.12
3342983.5
3590292.0
479334.38
6900.584
6855.224
5330.7783
7472.07
6211.934
7464.9287
7464.9287
8073.3975
366897.2
