6816970.5
6704754.0
2775462.0
6247684.0
3226939.8
1641384.5
1758802.6
395565.06
255926.02
345701.6
91666.04
343451.72
4432.6855
516997.44
619763.5
318851.66
580632.4
345819.28
11432.685
90083.555
3689481.0
148243.06
148243.06
196544.14
413380.7
466923.78
873838.1
781480.8
775904.2
2482947.8
120669.36
274416.75
859283.0
891579.75
1864497.9
475122.1
557623.06
640194.25
1395357.2
1150219.1
193405.52
4042387.5
151342.81
1415282.1
198205.67
283811.2
165869.2
2147586.8
791727.2
201527.88
1513014.5
104062.42
105659.305
95257.73
101771.836
116239.38
105691.086
118162.125
957699.44
1316693.6
142257.73
291056.66
3109013.5
256529.73
165214.86
3873722.5
222858.3
888077.1
149670.0
2672677.2
160594.8
144928.92
152647.98
152789.25
146600.73
4487375.0
334895.1
244753.84
188874.69
1220654.2
39753.707
131071.78
43338.766
55069.617
139387.92
53154.75
55035.676
2215554.2
506059.44
480243.97
493493.12
1784682.9
1089173.8
1051103.0
740565.25
705113.44
670953.0
17148.459
9321.765
9387.052
10404.821
28400.879
7794.145
7839.0747
9573.538
12698.588
170758.6
731413.7
719122.0
184748.88
292924.88
