291552.3
760104.4
225162.17
1125273.5
165220.08
150617.75
2991199.5
4840142.5
74333.91
6533678.0
1559457.2
310858.97
367529.22
316307.84
373232.5
242096.94
5204969.0
67431.45
639715.6
180628.61
562138.9
105017.195
221307.06
69225.555
586067.94
81961.93
398251.06
96407.164
1423118.0
1266574.5
1206641.0
1228270.5
2430048.8
1446275.5
2041657.1
341122.72
347059.97
1092262.9
369879.47
369465.75
422526.3
676242.7
1698403.2
264354.47
244196.31
81104.75
520413.47
119474.26
2234603.5
1594320.8
1409442.6
1754314.2
2455762.0
3010650.8
1937443.8
377798.88
187520.11
518264.16
4035.94
391609.1
1196862.4
83403.51
17076.842
58851.94
20175.838
51901.63
395730.22
3888179.0
177146.02
331631.1
