9646284.0
1389258.9
2126306.2
1677082.1
1158992.4
2279581.2
1793662.6
1605458.1
1111777.2
200292.1
653392.3
4295.2593
821211.94
103646.33
35823.445
3128045.2
4195488.5
1349444.5
1332033.6
5603565.5
465327.6
583838.2
1128828.9
731236.1
1734840.6
1584360.4
5204725.0
1028966.44
2094402.1
1665392.0
1513628.0
3292520.2
273703.4
4323986.0
39691.68
938219.25
1491584.0
2105053.5
515670.88
2988103.5
392201.6
3354521.0
963027.6
554265.94
281621.84
2724387.0
533397.8
161016.36
1735949.6
2518611.8
104551.4
25237.295
42094.426
42002.66
178305.89
65291.137
146448.47
417865.03
2048497.5
2808.79
423788.16
148243.06
148243.06
148243.06
148243.06
