1010288.06
1294963.0
150940.92
290780.6
234719.55
1058033.9
525878.7
4395142.0
1535204.2
69598.734
102150.336
1400466.4
50555.266
429162.84
5988120.0
611798.56
1354575.2
1737753.2
304911.38
1124220.4
520950.2
164608.95
2612768.8
1156438.9
874710.0
2002786.5
1995092.1
1151406.6
440765.7
1123979.4
1635581.1
633908.9
900029.7
1031646.94
1396344.1
1576913.5
2169745.2
221540.47
1557179.8
325374.03
3345308.2
269783.4
965510.94
480308.25
1238650.9
1825400.2
1690586.9
813211.2
288738.12
1739280.1
1172882.4
634993.75
159003.84
463515.7
535116.8
5038659.0
194333.66
1843618.8
234858.84
22590.627
