15430518.0
495860.7
868844.8
929991.0
1188609.6
128247.164
299594.84
72922.664
47666.57
52996.258
398261.78
363728.56
1384020.0
402868.4
1324917.1
949299.6
332787.97
1511700.1
99040.92
6680.0337
241286.33
52350.848
50440.156
100136.97
91647.945
673668.25
574899.7
865362.2
1595026.2
914352.06
580113.4
14397363.0
398942.84
738767.94
820139.9
1947485.2
353569.53
1235832.6
572927.0
175793.64
12989.708
15242.896
29654.387
71918.0
9139375.0
7189784.5
2332545.8
1708568.1
743082.75
601891.6
252757.78
3689093.5
18617.389
39822.51
30941.652
45601.38
38558.164
9320320.0
746400.3
654493.94
1196250.2
745358.3
163962.62
1021542.06
153605.47
935370.06
2589019.0
636020.4
433198.1
894100.75
680086.0
125862.21
2694763.8
3078536.8
4415310.5
34176.965
88865.836
78639.54
129389.305
160307.89
81369.805
170289.34
129829.79
168990.95
360535.94
2358334.5
619985.25
492027.22
3116976.8
522510.34
452929.28
2358069.8
216153.9
2241218.2
218729.83
181373.45
164985.88
1018740.7
622256.7
1145099.2
1245173.0
873439.4
550490.3
721283.3
755465.9
400577.22
870895.3
977867.06
1098187.6
750283.4
2529006.5
3715800.2
3339450.0
1319856.5
2035171.2
1095197.6
2259078.0
717422.25
1561062.8
4124062.0
