66057.04
90241.945
81600.24
284734.8
403005.8
481270.72
4818452.5
62718.844
275760.22
3183307.2
362108.97
76798.96
2027423.6
150005.1
2633390.2
3024493.2
120285.11
2028149.8
654454.4
1812052.8
3050285.0
2127499.5
937498.94
1504973.0
7988475.5
2682102.8
589918.75
1255022.9
102716.76
8281611.5
1833103.5
1197200.1
436533.53
4477406.5
92978.664
109505.31
103886.42
178226.72
1042147.0
2738629.2
2018232.0
208792.14
1586686.6
3016406.0
1211288.6
3624291.0
1958385.4
259238.2
1066893.6
1011343.8
1006272.1
2526013.8
980287.5
427031.7
1943873.6
3195145.0
2356089.5
305347.56
3114535.5
1886479.2
1570215.4
1340253.4
2056760.8
448238.16
357844.47
177936.89
87357.21
583889.56
926766.7
50786.414
43436.945
1180150.5
119506.65
8905.348
160734.72
319832.5
30134.102
631687.7
143226.03
28144.11
8566.724
8559.582
8559.582
