725652.4
481568.2
3756269.8
757402.8
1613315.1
7847.367
1842405.2
1012847.2
831383.06
1399764.8
462397.47
359434.5
836159.8
419082.56
447393.0
1410216.8
2422883.8
277969.9
1094162.6
364757.78
525230.0
1368914.5
2749745.5
543457.4
352805.3
2964838.0
2470453.2
893496.6
1538531.8
522075.72
1062145.8
2180242.0
1617348.0
287752.84
81150.01
541530.9
1236200.1
830581.44
1545970.8
206841.83
944002.1
1101971.9
1441226.1
994565.3
1538459.6
2153577.8
526890.8
403001.28
1433503.5
1124421.1
217644.12
1102286.0
588201.75
25605.057
320848.5
127260.39
92240.734
975270.8
928781.44
200773.36
1039932.75
1130675.4
192232.78
120326.664
254831.81
691245.56
553389.9
1048483.25
499265.78
502172.16
1543692.0
323006.16
780835.9
108094.85
1740224.8
23700.387
73736.195
1106988.0
1809453.6
31493.453
48302.348
16842.91
305669.6
171822.06
57488.297
311847.6
24420.352
7050.2124
482721.22
177308.17
