75757.95
76707.875
54585.473
670423.94
826444.3
55736.11
210602.2
176779.06
160604.16
138076.69
364511.8
398754.7
2178033.2
1175551.4
1081439.6
840456.56
1500054.4
6360715.5
7095413.0
20383.4
310828.28
53078.156
46530.42
21282.861
34240.26
42473.414
1163319.4
167821.17
19617.906
42241.46
292196.75
217439.58
213639.64
247927.8
220702.58
256716.62
4010135.0
3101755.2
1668.2505
3115.2817
1185.2928
414075.06
71613.15
496140.38
665226.44
2188497.8
122581.03
92519.0
97004.38
85301.16
88170.37
83836.8
73862.766
201505.16
9253032.0
29913.559
28113.383
28113.383
28113.383
8092908.0
416749.3
12993139.0
151236.38
33360.48
32462.23
187973.44
