224787.4
136939.17
225799.36
260043.55
1975390.4
38154.34
50429.5
1804725.4
301814.34
35395.742
7826.6514
9848.286
4290.565
10331.907
3126.979
3453.3735
2059.2598
1644.8068
2804601.8
11158.541
1996384.6
11640.867
10850.658
10850.658
10954.061
10857.525
16848.781
86642.44
76601.87
1680695.9
291202.72
88208.7
73246.86
155546.12
102638.17
41171.53
58700.457
37776.758
198700.14
96109.27
1775723.9
69101.73
82614.05
78721.28
62363.418
1269620.1
20422.623
936112.0
61065.695
1834145.5
1375553.5
1668949.1
41353.12
1681213.2
78183.01
1746220.6
111747.17
134260.58
100402.33
224699.89
114829.87
170636.58
142941.94
1682271.0
24169.654
63887.625
27036.307
19814.637
38477.305
24079.908
28713.664
1451588.5
273582.8
391347.2
2073331.9
69288.94
170410.72
47468.312
6967.029
1363772.9
9169.804
14430.493
19909.32
40983.547
1256413.2
38788.145
1354289.8
79578.63
31945.441
275508.8
179231.62
281945.16
124956.18
222556.27
37724.37
107808.06
31382.549
1589005.9
97483.21
57463.46
62507.79
46667.945
3389.854
17420.457
19371.676
14228.599
1238777.6
349899.22
3137.7373
272751.16
9786.116
331247.34
77331.49
567278.6
