330256.47
1498183.9
143723.2
299524.03
189686.48
586409.8
420097.6
364185.16
88495.336
2408695.5
814625.0
2440531.2
465101.28
1080782.9
2238359.2
173385.47
1950485.9
1001261.4
5079116.0
3313691.8
1716526.8
1991795.5
1965363.1
4119799.2
81501.17
310167.72
647986.75
2357389.2
4582063.5
1034236.6
3014702.8
1160088.8
1163996.8
2629937.2
976562.6
666215.7
514807.88
622676.25
1381855.2
10260.52
15559.982
12442.452
7331.706
4995.1743
9141.911
946584.4
50172.05
43375.23
624225.25
4579.84
7289.567
2637148.8
769219.6
1263482.0
268592.44
4962709.5
1686411.9
1208301.9
1705437.4
1014669.75
563495.5
304922.25
191741.03
288903.28
265927.94
103735.66
290026.28
614758.0
603822.8
511846.62
57318.406
32513.838
31135.648
32353.205
