201276.78
757844.0
255604.97
1102916.5
785387.44
3047151.0
235092.33
350540.44
4751382.5
1655464.8
1327071.1
1495457.6
1975091.5
945900.44
1706006.2
649593.0
1151246.4
2880155.8
855571.56
1373780.6
3912620.5
1044966.3
1601297.8
1557745.1
283073.1
1028932.6
1204695.5
411870.16
983249.2
717809.2
979701.06
382624.44
231134.45
441192.16
469989.62
971582.4
2369051.2
168964.88
3476512.0
953786.4
570878.56
121659.695
3092297.5
84611.64
1273558.1
864716.75
1143027.6
1388745.5
2147337.5
616947.06
1421561.0
238956.34
357141.9
2154973.0
942253.6
2139159.0
68161.47
18905.963
27358.91
13436.56
