8236193.5
73031.41
229263.75
482960.47
1640060.5
371751.97
1130517.0
534193.5
1322768.9
307695.38
639756.94
1265678.4
1601177.4
814616.7
487770.22
1395296.9
344206.56
1124840.1
4357160.0
761192.5
1869920.8
3127096.0
574970.4
1506477.1
218231.58
283396.4
1322740.1
305193.84
639870.25
509879.2
4567314.0
802686.2
581399.56
1499785.2
410729.03
453036.6
142382.7
465070.5
453206.66
61521.992
1678307.1
855194.5
1279218.6
242203.36
427094.47
792373.5
692004.5
890525.75
2222726.8
404397.6
1124564.5
6288398.5
2418879.5
3081032.0
508183.84
554208.8
43197.875
554487.06
18642.094
536831.2
148243.06
