387277.2
322810.2
1326378.6
24034.477
2446815.0
1628480.5
241103.69
2266546.2
9324890.0
6793.145
616593.4
592585.8
2123802.5
250336.8
1704224.6
2839006.2
1605182.8
3646000.8
4143159.2
1918760.0
983231.06
2137147.8
3088807.8
1007440.4
297761.6
1058612.4
1774715.6
353373.62
1674679.5
508588.88
1476564.8
2279485.5
1857807.2
5306401.5
593048.2
436993.5
1669740.8
513424.06
545025.75
1867846.8
1949806.9
846143.56
3454621.0
1168377.4
886581.1
303727.44
261224.48
2315477.5
4246365.5
1990762.9
1841173.8
142080.95
334986.3
1004801.9
42551.26
7318163.0
9413.273
116628.77
369692.97
26501.082
