3044460.0
413558.03
754331.75
2689433.0
1219094.9
751258.7
136450.58
803215.3
199016.66
1508519.4
1122351.1
2070875.9
3065365.8
124372.12
570508.5
1174831.8
327420.0
93774.95
857715.1
1537582.6
509928.16
508667.7
4023737.0
2741117.2
811317.06
2367248.0
969221.2
652108.06
1302969.2
2444450.2
1184243.5
980635.75
2066989.1
709287.6
3104560.2
1448130.9
1575020.0
211181.0
1023955.6
1602516.1
713061.9
25814.67
85901.57
215690.02
373759.97
244757.7
346220.12
665188.4
199759.52
93355.18
554475.06
257109.62
403536.25
286372.5
76103.77
55406.31
106282.91
48853.164
48705.312
960959.4
