619656.9
670059.3
211051.3
1719208.9
1269638.5
518960.84
203353.31
663732.7
703330.75
438541.9
508293.16
995071.9
531221.7
221398.12
765388.7
1355303.6
1501331.5
903904.75
212304.75
764277.44
53075.656
473618.2
423717.56
846226.94
1102472.1
59607.555
370157.56
600419.8
457218.06
27595.861
519743.7
522719.1
9058.585
31988.912
3072796.5
875120.94
732814.2
730511.0
246722.16
400919.88
3928224.2
3817426.2
908584.56
1480425.8
71760.16
920555.2
345156.4
365852.9
72396.45
76884.75
285011.8
37908.246
379146.25
175350.78
1981911.8
27568.248
801742.75
888536.6
426604.12
1670170.9
440730.44
1109192.4
533204.4
94300.586
789884.06
1375991.6
845779.06
552616.0
91950.875
612915.5
491754.12
428659.78
809594.9
1103061.4
64950.406
424211.94
445513.5
499983.97
36735.484
503032.34
2739708.0
567040.4
596465.1
211525.39
1928161.2
1171604.8
467347.78
342550.97
176920.58
546861.06
472102.34
54853.11
515564.5
27153.502
3129249.2
901913.06
705455.1
847550.75
278530.1
1240863.8
4150743.8
3948814.5
1340094.9
1748655.9
273555.03
1072440.9
384162.72
385440.3
70398.88
184410.03
285707.66
161011.45
532848.7
348305.6
1280973.6
62251.0
579997.9
870679.1
136213.1
2037181.4
