12468.504
233561.16
26341.895
626377.2
138102.66
1182213.8
322394.94
470378.7
2119821.8
81875.09
2002708.5
158161.14
1265338.0
10111.762
1189848.6
447029.6
671228.5
2033083.1
1279119.5
4026803.0
80784.84
248578.78
291721.66
420613.0
5422546.5
726408.6
650401.3
2607138.2
967153.0
2157454.0
25970.852
958502.56
1112170.6
474837.03
3138463.2
661968.56
7222419.5
1296406.2
2296344.5
3637674.8
360598.03
148573.61
7014097.5
683030.75
7899523.5
1313986.1
557483.44
5862841.0
5181633.0
3294795.8
236745.55
476688.28
656690.4
2317959.0
1169041.1
1442589.5
2733185.2
75789.516
183253.42
110973.24
272865.1
85923.734
1759371.4
10429.506
1296.6968
1827.1621
6794.2095
5829.0776
3536.9875
13875.24
12783.53
14486.299
2545254.5
40825.656
442285.06
147665.2
