16945.023
17525.764
12838.067
14275.39
8822.996
2207981.2
243973.81
102115.9
102941.81
4841884.0
193807.83
869028.0
4950149.0
195511.69
5475522.0
2598114.5
752.71747
1322797.1
75810.46
1252501.0
867460.2
339986.3
1691937.9
6934877.5
22417.205
523.15967
672518.0
6812964.5
144504.9
456757.9
928644.6
2542674.2
101440.63
662960.4
463625.66
3976085.0
184806.53
846924.25
791091.4
3139805.0
40357.004
60365.17
3442215.0
4558045.5
19294.045
661.82745
274240.3
1284905.5
1169888.6
91675.06
16707.543
3645958.5
199159.97
3279511.0
64801.305
880042.9
1217.1216
488.62866
522199.28
1550153.6
1090530.6
1933604.5
503807.62
114675.945
7070078.0
891.0008
938.8524
112454.125
479066.5
1604706.6
3180600.5
1455700.2
1962554.9
1138784.6
1631867.0
1800043.4
1831950.9
538057.3
1658388.2
505865.5
506084.9
209207.06
201875.25
669864.3
697673.75
1492454.8
3543845.2
6498578.5
594361.75
16431.92
15383.036
18404.203
16786.504
14094.7295
11057.505
