144940.48
83392.72
18061.654
20331.725
4807617.5
1473654.8
4404837.0
219169.56
275935.4
2429063.0
608035.6
1133505.0
6387193.0
789391.9
3907974.2
143013.22
534428.1
1267147.1
1129556.4
1075496.8
2100315.8
4359640.0
377375.47
3407008.5
195618.3
424789.94
4384264.0
5855932.0
1473161.0
5992341.5
793691.8
963070.3
1687130.4
2764043.0
2571206.0
2984852.8
934912.94
475160.38
1084016.9
8201412.0
1677710.1
129279.336
1602278.8
2525420.8
656376.94
526376.2
511642.62
258795.2
54935.44
319114.7
97304.484
321475.72
1248471.5
1000560.75
8930679.0
361586.0
299200.06
358254.1
536858.1
477929.25
334912.7
7868826.0
1363784.6
580027.6
56452.414
2224014.8
310118.44
5350708.0
663197.06
760952.7
122201.38
1366024.1
602038.06
283088.5
395442.0
223388.53
413956.78
79522.68
9607.867
12324.543
12045.39
49631.117
1012718.5
438174.4
506757.56
268694.2
359017.84
60679.63
9469.41
7200.875
10056.621
6647.8413
6302.336
4277.612
11413.249
7628.3145
5609.7197
15646.579
