160222.62
6324369.0
733235.75
3516109.8
66293.734
400793.16
1166830.1
964728.56
2408662.2
354323.94
270235.03
590146.1
3540825.2
228896.86
2775456.2
247833.2
136940.83
1365674.6
188791.72
704278.5
927247.0
578057.56
290294.66
222958.02
78411.27
843380.5
67910.72
114604.055
1358533.2
92312.09
468868.1
216448.52
76518.08
119349.97
661479.25
594994.75
2542667.5
1223565.1
93767.65
282066.72
962388.6
3046603.2
197792.84
354198.9
948486.0
20198.98
374464.34
1036147.2
107226.56
3818.4595
3931.6199
1332.5651
3628.2817
38762.33
864366.7
2455293.0
38513.125
149772.67
1171.0941
3897.0898
57607.812
417807.5
160288.81
