22674.023
34142.066
1869179.9
28558.992
24822.281
5426921.5
73247.48
8480.12
2363933.5
21780.287
15857.764
1904650.8
86489.43
92599.31
34632.516
5690248.5
67119.336
122549.39
1600482.5
380598.62
1598259.0
124226.875
4787546.0
23545.023
474927.44
1506496.5
2276248.2
1219867.8
2724396.5
29610.746
363856.06
156002.98
146702.31
156907.03
148243.06
6482526.0
27280.615
55670.766
265981.47
75147.33
2445970.0
14085.923
2188028.2
978295.3
1301585.1
644354.94
1379337.4
37943.016
33904.43
83258.24
135345.64
1362497.2
58380.906
1965899.1
1686280.2
983478.2
1004171.3
146230.2
7022084.0
1761552.8
40740.277
22850.854
3560261.8
1763542.5
2132498.5
2427342.5
2043838.5
1163645.0
1340887.0
122273.07
140211.94
913116.25
1746852.6
1718380.4
1892023.9
1827546.0
1213859.6
3864019.8
9565227.0
1893.4434
7031.2524
1014121.3
844529.9
9604.445
8776.771
20467.816
287827.66
148207.67
1577958.1
2070649.2
