144174.27
237553.64
164038.72
547988.0
1936755.6
1923990.9
2169099.5
591365.4
8065259.0
305996.44
215270.77
1830162.1
80043.945
3480667.5
600353.56
1118154.2
96558.38
1423326.2
1070062.6
2115057.5
886144.56
4320225.5
632098.44
585000.6
2176180.2
1970392.8
1583855.2
2885036.2
3278617.0
1230669.6
377486.66
258469.9
602853.9
452072.9
4437741.0
1812259.9
1149194.0
4262641.5
399917.66
4461272.0
9072525.0
3627195.5
1916254.9
1094629.2
669254.5
4779595.0
715373.0
3713792.8
1045548.4
3480523.2
4977674.0
1767705.4
2853950.5
40921.316
78899.06
587005.6
1445780.2
1678612.1
341569.6
1073299.2
111796.54
1669491.0
2377046.8
1695992.9
1612542.4
715701.75
1691950.5
1637797.6
1294386.9
1037704.75
1968942.0
1217656.2
391477.75
293341.78
878686.44
866042.56
142143.52
