416612.94
2141644.5
256453.62
594318.1
883282.0
229552.89
580183.06
545945.56
211680.33
385666.5
225807.92
323347.38
688014.44
350375.34
664806.2
111287.54
891594.2
482667.38
165589.88
430269.62
102297.55
131120.31
269638.16
384822.34
217167.7
1388975.6
153990.12
353443.6
743932.06
756135.56
333224.66
879707.56
248331.75
302757.97
331891.34
3007397.0
114627.76
1322590.0
980578.4
267601.7
509902.94
403280.38
636553.25
254408.3
464608.88
1099768.6
121733.6
306204.38
396003.8
915043.9
244143.44
329495.0
102024.7
191285.23
402434.0
1457703.4
580217.44
80052.51
139001.81
4104155.8
6075.2896
91642.49
15510.5625
31348.498
16834.885
177409.6
4096.4463
8753.512
8970.602
456153.62
