927339.8
801354.3
706557.2
1098775.8
2154053.8
4415781.0
3391109.5
1568585.0
956452.7
372760.38
5990149.0
1202777.2
4800414.0
2547874.2
2645347.0
951358.1
1679643.6
1601032.8
2542308.5
453579.53
2491155.2
289461.34
1872365.1
5815254.5
1283440.2
4316341.0
720892.25
3816161.0
637631.7
1477992.4
20730.88
1733571.0
1611831.0
1558245.9
3711503.2
3066452.0
1363155.6
10982405.0
1538170.1
2830178.2
21019.86
317181.3
41803.477
61303.56
957901.44
7111351.0
1767966.9
4000221.8
8067542.5
910539.75
2648179.0
9609.904
2144725.0
1033577.5
676006.5
639972.25
373165.2
151139.52
7043.399
483976.6
460162.97
460162.97
