1645549.9
3888248.0
289395.22
189743.72
359405.9
1061879.8
2226572.8
2364254.0
1774893.1
9312895.0
1517492.9
608312.0
326618.1
576203.94
521608.28
233136.22
113186.39
178929.61
66234.875
20553.396
1330418.8
22206.623
591707.2
113552.24
11198.098
11543.231
9281.59
283747.1
1815588.6
4355340.5
2479623.0
1569822.1
75361.17
718278.56
1170743.4
2991490.2
1481349.8
8506926.0
431458.97
1006347.0
1839389.5
609231.3
3679004.0
221039.28
2467073.2
640148.56
2013396.5
2794357.2
261591.67
331757.2
893386.7
1029692.75
1203322.2
1615788.9
6486238.0
828639.56
1696696.8
901501.5
257558.58
830801.94
2767255.2
1002085.94
1582673.1
86380.68
881968.56
162050.77
2348193.2
133393.25
1390127.9
1194729.1
1143448.2
1037355.94
1801387.8
1642950.6
1134388.0
890355.06
890613.6
9645310.0
3575223.0
872373.75
894271.56
181604.73
4738887.0
758227.6
305768.75
8808946.0
2335526.0
1477059.1
834112.9
777486.06
973786.4
1419791.0
1304654.8
293818.38
1795808.5
797194.94
2887081.0
2268276.5
1045503.4
1483164.6
3442120.0
456594.3
3471936.5
689620.6
1047431.5
630393.06
3415691.2
1150554.1
465049.6
1074979.0
631896.06
491485.38
253252.66
496518.7
1112473.8
579414.2
