8800270.0
3272826.8
1061367.1
389999.34
2399587.2
521462.84
2505053.5
1453819.4
1079113.0
490016.44
79730.734
1809075.5
1168931.5
816109.8
913773.6
84822.93
1199374.1
2261826.2
3232252.0
112295.74
108492.57
1255845.5
196276.5
339908.66
650925.75
1021803.6
2684859.5
2818077.5
87049.17
1194152.8
340119.4
952977.0
118219.13
1028865.6
365758.94
629346.75
138644.61
128097.34
193809.56
101236.74
213759.95
325644.12
321990.97
2002233.4
95106.94
223056.58
2396707.2
13066.224
415724.8
5021040.0
35426.496
748965.7
568427.5
907122.8
637209.44
43761.883
235121.11
536999.3
20239.96
725377.3
1016472.2
724084.8
341718.6
140806.48
895163.9
117341.516
184537.08
218196.17
320930.75
492168.7
1292499.0
11097.384
4259.6274
528244.2
988846.0
