4510352.0
24022.762
24022.762
607326.0
8981.251
398218.5
132186.97
545565.4
2060306.8
7827.46
6107.026
5055.138
10188.497
7867.163
1191773.8
1073835.5
1212738.6
213989.6
97941.07
1593410.5
2707758.0
1206620.4
7759750.5
70972.63
50677.758
38549.36
71395.2
26000.69
16303.315
12047.445
6671.262
228522.14
409689.0
959770.6
65162.1
351411.25
2752581.8
509043.56
126993.76
4240878.0
1087155.2
494164.94
237208.3
7865146.0
68896.89
107579.86
45178.41
45688.203
77880.9
22981.611
14809.774
16315.499
7317.777
6935.966
557246.1
265833.12
2172889.0
178472.72
4307727.0
302753.66
507789.97
4916882.0
2237656.8
602679.8
3575870.2
1326020.0
1121565.5
212592.69
2303241.0
234414.23
2417263.5
1276968.4
7586186.0
616019.25
1740848.5
100003.65
429639.75
57423.633
134340.47
1395706.1
