1271007.5
819627.4
1383756.0
812784.75
4623979.5
855572.3
2409354.2
2126595.0
2499132.2
181997.69
506616.47
468556.56
289679.56
1942941.2
363286.62
11053446.0
703361.9
1930492.4
348567.22
2158767.2
1017259.2
855780.3
997500.8
1639702.4
2026562.0
276601.9
2280001.0
772233.44
1348443.2
298948.22
8915595.0
1767094.5
1506719.8
98830.98
3823766.2
698416.0
4679691.0
388505.3
727534.56
548998.75
783129.25
191895.36
167845.62
2048750.9
702313.1
500588.3
280784.84
1906801.8
88730.66
332930.03
2975656.8
604609.0
307782.3
3017699.8
593074.94
448997.66
1568607.1
301409.1
279673.72
1462138.8
1720697.6
4861740.5
227136.11
2336613.8
648424.4
1353899.4
2739533.0
894642.2
560676.3
427518.38
660715.1
9148882.0
1725595.4
277499.34
1570706.1
323450.38
413737.44
1156297.9
256578.02
649592.2
1224947.1
1009604.3
9901520.0
489399.47
69891.08
400386.0
50583.484
47953.5
198707.78
725970.0
