129485.66
56039.37
10876.984
385075.12
362444.1
3583475.0
1670140.5
296029.5
181787.95
213924.42
3660690.8
116491.805
1810710.6
196666.3
145362.64
263047.3
108346.65
569757.56
309787.4
171868.6
4494100.0
1695263.9
170077.62
168608.88
5327003.5
159534.25
1569812.8
175544.72
1808297.5
1386171.4
57503.38
408363.1
9146954.0
4272035.5
159430.31
173715.61
149390.98
1151100.8
2542134.5
88594.78
113248.88
88391.46
14212141.0
4358359.5
1530060.1
189690.39
147582.75
2094845.1
1176825.6
863532.56
1440235.8
4976770.5
161845.48
121835.805
6151135.0
2057136.4
1083609.1
1147049.4
734950.9
418487.03
405178.0
1681165.5
446411.44
208227.8
132065.78
5325.193
4291.222
7765.64
7654.1367
7632.1943
7457.2783
7667.1294
17077.525
5907.337
37736.844
459685.56
1416699.8
172105.2
