17078.232
1393400.5
43836.76
518565.03
1120828.6
1748305.8
627510.9
847039.8
1241277.5
363337.72
45137.03
2534560.2
1004520.9
673573.8
314106.1
590986.7
389488.56
1556396.2
293529.62
1160216.9
1200490.4
638552.3
480149.12
8958.976
250439.47
502358.12
926846.25
565237.06
1016314.5
1425433.0
95982.41
405406.97
321730.53
12051.127
196886.73
726070.9
196382.95
354078.3
2430134.8
424103.6
3925248.0
872032.4
1348519.1
2509016.5
554564.5
440032.2
761735.7
749812.3
1676648.0
5797.521
164238.11
403652.88
670182.9
391476.56
1516671.6
459157.44
272483.22
432346.28
342026.06
599175.44
