984153.7
3561746.0
425290.66
186529.23
1476403.0
6149.0566
39973.367
1958817.1
1242425.5
1199638.1
140477.4
30218.658
176805.44
54163.137
1061258.1
1200089.6
544386.1
83494.36
3152631.5
34053.953
5652.6934
18402.764
1713432.4
576435.9
868754.2
648023.0
1352500.9
482095.88
1192434.6
2021241.6
2505821.0
7234503.5
397970.66
441203.78
1860473.8
890771.3
1018383.8
1551270.5
173345.34
389065.25
84407.58
1198390.2
1653596.6
70468.3
946541.3
129814.08
160080.6
800281.44
1039806.44
1399576.0
1971090.5
386395.9
3613596.8
109744.93
451928.56
244840.03
3583993.2
831537.4
374396.1
151357.67
134845.97
148243.06
148243.06
