113385.16
89666.85
4838797.0
2422853.5
692629.4
1988835.8
311054.5
698550.25
513262.84
2899938.5
5568834.0
47797.586
2662803.2
161249.42
1875585.0
127510.56
250335.8
1755530.2
151088.25
759713.94
2315080.5
3620537.0
1023202.6
1244207.0
3210298.8
6153150.0
76029.73
241502.03
2517165.2
104963.766
7236543.5
2580732.8
385932.38
254672.34
1918012.5
503500.22
267078.47
2023756.9
1611012.8
312612.3
397464.28
95621.484
1027530.75
841934.44
766565.56
175955.8
4345570.0
287410.25
3006584.8
732874.06
448946.4
5399148.5
128614.5
6807.2915
18150.332
1180.0007
12642.887
4687.8525
5765.2783
7900.8345
