95870.53
42592.184
526899.5
1179798.2
2865671.0
308058.2
910633.25
12407893.0
1973201.1
411284.56
772588.56
2245730.5
2178326.2
207407.12
1292788.0
4524531.0
1035921.7
41196.105
693557.5
1759800.4
705004.06
906041.25
2143629.5
1095837.0
1720614.5
640911.9
441641.5
10427073.0
2050605.4
5048756.0
854149.06
1837513.0
868369.06
85291.68
2423301.0
4217284.5
652850.56
409162.2
348074.75
4275469.5
838388.4
3182820.8
250092.6
633967.6
5939286.0
3039733.2
354687.12
260568.67
477440.78
1040750.25
3263554.0
96959.43
159403.39
6114500.0
1580691.2
332367.97
47316.832
2168681.5
3285243.2
1385568.9
4415032.0
852517.6
992649.6
1357966.0
459763.34
162305.61
