254648.06
274104.94
2265676.8
8961.919
218676.75
1138990.0
510228.34
968645.25
1355460.9
1533511.6
1113624.9
554596.7
1398726.4
905155.75
737981.56
2226294.2
322795.66
5303202.0
694251.75
2251263.5
3052591.2
1559387.6
1504114.5
2480675.5
2068638.5
2548746.0
500493.16
147660.84
210141.5
1024181.94
316831.5
370412.38
823044.56
51321.734
750782.06
2320072.5
856992.06
2514863.2
3654406.2
1095891.2
2241948.5
1477266.4
3386287.8
368547.12
327343.88
995329.0
1645069.0
1036401.4
930123.06
1762396.6
775434.1
1426007.4
209822.69
1603830.8
2244793.5
1946674.5
515853.34
578183.4
17700.258
17360.922
