703786.0
262361.12
66923.516
1230904.0
1640486.0
105340.695
4393855.5
3084521.5
1594216.4
4617776.0
959911.94
530814.2
3517204.2
2856613.2
1510380.6
2892753.5
331856.06
411196.44
3615854.8
497798.12
561463.7
1134887.9
296913.47
283001.5
149345.28
108934.98
935807.9
615826.75
2457544.0
77310.35
213649.34
2105289.0
36616.89
167097.7
41319.535
2742348.2
3216863.2
170836.14
2640447.5
532537.4
856686.94
148322.44
23645.562
539086.25
403733.3
6234811.5
823914.06
1455190.2
1954711.9
1928797.8
1480573.4
1815666.4
1391842.6
1979581.5
1261155.0
2360069.8
3670341.8
1917385.6
2013794.1
1086316.6
22040.23
384452.38
877008.44
2487618.2
1693618.0
305789.53
3235523.0
286066.0
5383985.0
1423675.9
1880411.6
937866.44
662777.7
1241918.5
76382.18
559984.7
245243.28
1036334.0
4357.9707
3310694.5
567557.6
4926089.0
1284365.5
27157.338
3339651.2
88060.25
2763744.2
403589.8
7526.189
2081.0508
5310.5903
4162900.0
10544.906
5393.277
5630.0327
277834.47
870164.75
