117411.69
971665.94
1241085.6
1284034.0
26204.123
659725.56
2454868.0
1305794.5
79724.33
51901.04
8187.7974
338081.75
181566.14
703000.7
422553.25
275973.03
2676494.2
629432.2
2479782.2
2875560.2
1560304.9
4246.201
21013.646
28171.283
261314.48
390085.88
102880.13
2156912.0
2071438.4
587630.44
192471.98
422748.78
816856.44
2374643.8
1962465.4
2927761.5
1009614.5
1436527.8
4242339.0
1968126.0
2672916.2
2511395.2
696595.6
1781993.8
1128934.2
1480097.0
273494.97
103807.43
4047318.2
142848.78
218349.42
427479.2
148554.88
17445.621
34189.336
31603.342
707871.25
23399.42
23217.168
24884.438
23230.93
23230.93
23230.93
23230.93
157845.17
