8308454.5
238713.64
754850.25
1448169.4
148243.06
6317409.0
374941.3
1624192.8
3408919.8
2139069.8
1019.20917
460507.5
189404.22
17664.11
27304.307
377974.6
1775.888
1105388.0
590765.9
375138.5
288072.44
65642.266
29435.16
22953.072
540781.6
150243.58
148243.06
584428.8
469718.62
289564.8
337758.34
2003908.5
2439214.8
75466.34
1723896.9
4995085.0
168603.33
11365.871
38203.406
247930.9
2935724.0
1855992.9
684480.1
576359.25
5851.3794
512476.5
422.17514
789.5174
186.2704
1862.6876
4857.2
3498137.8
87046.945
297567.38
1762409.1
439799.16
405457.44
14025.249
23197.459
29766.367
20231.799
6133591.5
179426.94
277044.25
1276758.8
916313.44
5673087.0
22509.936
290872.53
994824.8
1068982.1
297776.66
337913.22
340077.8
360542.1
1252949.4
110935.39
97303.67
988918.9
1402824.1
393633.94
8982.463
77023.33
200574.8
695400.44
237237.33
195783.3
3274781.2
941364.0
5128729.0
10381.447
48277.195
390738.78
60201.887
22360.008
1245023.6
1877933.6
2692198.2
3039448.8
1564159.9
233643.72
53664.31
919550.0
1005407.94
1208607.6
3034591.8
11840.666
279391.28
5303.933
537603.7
1805.7933
6269.558
2427.8826
1744.0461
5057.2974
