5751.3955
8079.6772
15517.48
4365.097
7503.3613
5903.641
34592.668
1637725.2
2714660.0
984318.56
1123047.9
1587359.4
3354466.0
648192.94
218080.78
829158.56
1868398.4
458950.03
503122.3
1306816.9
114082.73
1101736.2
1001965.25
86006.33
762221.7
1456828.1
305759.22
2852339.0
724033.3
95795.72
52220.965
1143381.4
1240436.9
555420.56
576998.3
1121971.5
497763.6
263600.62
827459.4
579698.0
501483.34
3367173.0
1807536.5
972343.3
490500.3
197987.6
435185.8
372446.47
318523.84
236822.7
19420.531
11325.902
109555.91
8629.175
47969.06
27826.703
29480.348
21165.23
13915.495
591439.56
