79590.195
442232.34
1255949.4
1164285.8
918909.5
1284019.8
233134.52
379547.56
399158.0
2918135.2
373243.4
1449245.5
451748.2
940372.9
1511013.9
2995988.8
429893.22
270325.1
250713.38
329591.34
522665.62
345817.28
235289.33
455990.34
604176.56
462347.28
861964.5
1745976.9
1724085.9
7653876.5
1974633.8
2252348.2
830407.1
312257.22
466678.78
361172.03
302296.0
2409861.8
2382649.0
1183886.2
642802.06
833938.0
232785.6
179098.02
6127904.0
1108151.0
402199.5
6885064.0
433507.88
393134.88
1416040.5
2444128.2
1148954.0
477476.47
597107.7
1382699.1
572428.4
670622.94
660047.2
559345.3
539252.94
1241089.5
590802.9
2514103.5
1434360.4
914538.6
4438404.5
887333.7
814242.2
1141407.4
1174065.1
6210332.5
256478.03
157679.11
1577351.0
1098596.1
593425.4
905336.9
702267.4
32449.082
37491.09
1339604.9
111656.67
173736.42
137183.48
1025712.4
167847.92
387598.97
7086182.0
2702024.2
770634.3
1612602.4
483390.8
1075236.5
1849949.6
1369612.2
192234.77
2142727.0
897568.0
1787104.0
1513344.6
643681.94
3976931.0
450099.4
1411651.6
462157.12
3040902.8
1391788.2
364716.62
990299.06
1518320.9
150550.88
