335420.5
1773950.9
1706267.8
1778081.2
1672205.1
1620534.4
552706.94
222369.19
199451.12
1135444.1
283316.1
574589.56
7696064.0
1983640.9
906146.4
2227684.0
726577.9
1011036.3
2119347.5
199115.84
293596.88
530364.94
548659.6
4121393.0
989401.75
977101.3
2472679.5
1453260.8
1684430.4
779586.56
128569.77
219348.69
247485.86
1852690.5
755421.3
1420331.2
792267.25
67357.21
1345490.8
483406.25
1390890.0
610632.2
3074902.2
129269.78
131627.7
100141.4
161695.33
140215.06
1815098.8
29713.336
1222984.5
321930.8
2413713.8
102370.55
213465.2
1092979.1
2809823.2
1397855.6
6101398.5
328614.28
211486.97
1629195.5
459562.8
4760768.0
986916.1
34808.69
6918243.0
171986.5
2290278.2
5400625.5
922098.6
119267.55
224245.17
246995.0
270479.16
118923.66
522224.22
364681.53
2263202.5
279724.94
3519251.2
980345.7
470121.1
530502.0
1184530.1
3387637.2
53477.004
773205.8
2696733.5
5301388.0
1238950.6
811428.3
2125187.0
8680020.0
69131.98
588650.25
5677098.5
8653.163
1151795.9
2754108.5
3594003.8
