15363036.0
677204.1
1656332.2
3524992.2
561072.2
1242181.4
4554448.5
2008606.6
945201.1
1424561.4
3487795.5
1065176.9
2600693.5
1532272.8
1481867.4
2168423.0
157397.64
2534903.0
583295.75
117884.08
638162.56
3745526.2
3207233.0
13073.022
1735609.0
264903.75
156857.7
6659337.5
98759.13
2538560.0
23911.338
27554.121
1280105.8
2481207.8
619276.2
44393.46
1834152.2
2906597.8
1763032.9
1909894.2
329368.94
3181553.2
2082396.9
1063813.2
842151.44
3951121.5
1392973.4
32310.232
1299204.1
3671010.5
47133.062
659209.0
1307866.0
1364876.2
1217202.9
3855198.2
662100.94
18735.36
1015456.44
1345385.5
729785.25
48655.086
301163.84
668531.25
177308.17
177308.17
