1819272.1
450586.7
5218757.0
386602.7
2392018.2
613847.5
1895727.9
1074616.8
2124525.2
1173740.4
599899.94
1310243.8
592239.9
3577280.0
2259443.8
1164364.5
375034.75
2477081.8
366138.34
258678.05
731813.4
601969.8
591832.25
1805417.0
832899.2
1766144.9
81415.52
771675.44
1245833.8
1397938.2
2222382.5
1633469.6
1852108.8
740208.56
1795519.9
3227131.5
909396.8
342071.72
147782.48
25349.254
19192.734
391858.0
510603.53
1021310.4
2050501.0
1417410.6
4289050.0
33775.37
388552.62
234553.77
114694.24
64813.32
364978.62
1856700.2
966687.7
23559.83
206915.08
33054.04
5284848.5
15991.131
