457287.84
1821404.4
457299.34
638028.94
1136130.5
618974.6
1913531.8
1271450.2
1061778.2
1768297.1
571709.2
81237.3
421858.53
1333291.5
1015098.75
2237997.2
1312126.6
230599.6
1665131.2
1685057.6
454630.03
5782385.0
287626.12
329649.2
994422.7
638013.75
337919.38
1678912.9
354667.9
2164578.2
72680.44
2450466.8
552577.56
58428.023
1296659.6
632324.4
2890942.0
83497.0
1112022.9
3859264.2
1707881.6
2223657.0
540143.3
1263730.4
379564.06
1329979.5
760024.2
239079.06
1834154.5
558078.3
1565689.8
3207205.2
169033.4
1653409.2
1808325.2
193329.38
1321077.1
144553.16
83893.086
25435.922
