249575.4
356869.56
402900.8
927599.25
198956.4
214671.5
596383.8
193758.88
507603.56
723495.6
558705.75
200308.12
121972.17
621739.6
493580.2
213525.53
303081.38
1435199.1
739091.1
312989.1
522634.25
716119.6
865196.06
188260.42
256386.56
435738.7
1097954.8
214855.33
1819377.4
629648.5
802419.5
75595.875
937152.6
296054.1
607449.6
132213.88
118818.61
330105.3
162826.02
340532.44
590144.0
92006.016
3080670.8
734555.44
655626.7
622098.94
1136809.4
183037.69
569130.2
1074438.6
747436.3
79685.4
3006822.5
3200376.2
300264.1
234328.17
205828.31
53092.14
116341.86
20284.578
