740054.44
1636783.6
3618194.2
2663527.5
6085671.0
5533158.5
9484505.0
3112854.5
351105.0
609133.56
18812.285
119294.96
676594.4
71703.2
230690.89
160719.97
9674862.0
4879506.0
1050060.4
1396818.2
734969.75
2898900.8
4667223.0
1348748.5
967905.7
8992598.0
48066.883
2647998.5
1006158.2
669883.25
754702.44
512721.34
7422.167
555019.7
5755236.0
605121.2
3513602.2
2609479.5
6096892.0
1995089.1
2506344.2
882981.3
1573049.2
3130291.5
4776192.5
2271692.2
1201631.0
1767750.8
368095.0
9324701.0
1437932.5
1836426.0
2146476.8
226780.28
1164030.1
28515.744
3273253.0
4298589.5
59559.453
226355.05
1201358.0
59369.883
1429689.2
32373.2
329686.22
4295931.0
3137925.0
5684625.5
84587.55
107471.875
9671788.0
438589.16
961742.8
2058333.1
3516802.8
3580595.2
1071623.0
709168.8
2522216.2
161445.78
404375.25
1075445.1
8627.805
2103736.8
74454.88
72446.59
1563165.4
245980.25
486318.2
4262275.0
11343075.0
1400153.0
42894.04
24469.44
92075.28
1503344.8
35532.336
18832.564
18812.285
18832.564
18812.285
18832.564
