245319.84
2102845.8
212046.12
973339.2
617154.5
8788907.0
200712.78
3112090.0
535636.06
1280431.8
987776.25
335701.0
924554.8
105865.484
244604.34
70556.13
66753.984
109621.73
115148.0
49712.6
292015.97
148243.06
213451.1
1929926.9
190154.66
2393239.5
580399.4
402802.84
1451736.8
263913.03
310899.75
4708291.5
89546.8
2109942.2
278753.03
329083.8
4298326.0
574122.2
256585.7
4040575.5
5205.445
886.32666
6810.2744
1519370.2
2025790.6
826584.6
1698243.6
2306682.5
2336443.8
1954009.4
4216455.0
814155.5
66320.516
30074.104
38881.996
6945.0093
7675.7
136822.58
2704106.8
867114.75
573264.06
1021160.8
2327074.8
4151017.0
152230.19
638564.1
270179.53
429023.28
135230.98
442260.84
466910.16
515099.06
630316.25
1137014.8
403345.03
986270.06
4282637.0
3445554.5
633764.7
1114800.8
692635.0
175998.97
1500006.9
577930.75
2044186.4
2394573.0
1875327.9
3022015.5
1057512.1
732304.0
1848761.1
2884190.0
3273708.0
1851246.2
1419484.2
1056637.2
907104.1
2252315.5
3373611.0
2301202.2
1405320.2
1382331.6
6154310.5
1081429.0
1387863.8
1706975.9
267212.53
993525.44
8090114.5
6599418.0
