200103.0
6014333.0
19762.092
431724.94
1740890.8
242612.94
5882843.5
52583.97
5691954.0
1760674.4
291857.03
2510902.0
50939.355
1600875.4
106826.12
6629.0044
10715927.0
1547.6575
4010792.5
35048.492
942219.3
89270.13
9073.865
11616499.0
5875.3696
3504492.2
290320.78
16067.092
105184.805
111067.59
5118196.0
67636.84
39400.695
72451.99
137869.58
12861292.0
12679.653
185673.64
5650864.0
71741.875
149757.64
93039.11
9181596.0
49752.414
126722.51
1306907.5
3643826.0
440075.8
13730.854
396935.22
402025.06
104946.69
8458171.0
269337.62
169477.84
1867439.1
5865722.0
1616012.0
689462.4
126759.95
5539.682
5278203.0
2161026.5
2248154.8
206827.83
93001.78
10076923.0
4432350.0
7795.68
497316.8
156749.02
5332288.0
4846.7334
66534.22
1387965.6
1944116.8
500319.75
562886.3
874963.9
971956.0
872815.1
363213.2
2298225.0
6782674.0
428222.78
568390.8
575731.1
1596259.4
199305.11
334476.56
231008.38
246362.77
898004.2
1406714.9
99669.06
1174447.4
