919891.94
219379.34
1479227.1
439973.56
159384.44
535962.94
441803.9
505569.12
390014.97
269939.47
1839709.8
187385.23
1241474.2
1576702.6
421723.3
690680.94
709901.3
147872.03
579257.44
114296.12
786536.06
1281881.5
395669.12
1286884.9
467425.56
1155773.0
110861.37
465446.34
1037225.1
1216603.2
1486238.2
934474.1
1082792.1
1007973.9
174081.75
1139667.4
485092.88
409451.8
1352207.1
54270.562
122536.38
1148483.2
824418.6
546531.94
536533.6
2900744.0
75549.22
1159102.6
423522.0
598847.94
44856.152
276881.1
82408.03
55308.668
46977.445
356096.72
128503.336
66057.07
32959.09
4903.4595
