366870.5
564806.0
161465.95
140686.61
173137.67
588118.25
451583.2
441467.8
438073.5
208790.83
192869.45
173294.64
263081.4
144370.78
252721.02
258326.08
338072.4
215124.47
1048879.8
125879.58
95511.766
2055471.8
713373.9
195660.08
426307.28
148261.14
108620.53
106209.18
1523130.0
3571101.5
331601.97
178610.89
161330.67
331065.22
94580.06
278611.3
213855.06
288863.03
18238.81
198226.06
327153.34
99616.52
319771.06
366492.53
659068.7
588983.1
754870.6
666670.2
135799.27
469645.47
4836102.0
2501851.0
795270.25
3096444.2
636725.2
443214.2
182533.1
149929.84
587626.6
191855.9
11393534.0
668031.25
368247.0
37592.805
339099.0
329161.25
34001.98
536499.1
413890.2
161830.0
153137.92
28543.764
272334.7
337155.84
207507.55
63129.438
56773.395
206337.19
576369.5
2161730.0
2624229.0
3359396.2
1466927.1
57685.582
200852.92
195984.27
95393.99
874490.5
501469.94
61694.09
22959.807
