21345.723
16530.1
16827.93
8306941.5
507105.12
366558.44
37235.785
637393.75
497261.12
470647.1
49772.27
153727.4
733812.6
864024.56
62162.727
890625.25
91732.9
1146834.1
337895.4
22769.58
2147238.2
1632870.2
163937.78
295494.5
8227887.0
1611612.8
917449.25
103492.62
11432268.0
811283.2
2405406.0
259732.88
1776946.4
20022.348
663664.9
824866.94
1366651.6
2413635.0
4233678.5
73956.33
241360.8
977409.3
3145663.5
7165.7905
2797.2957
268628.47
2027541.4
442931.56
1214007.9
344.4999
238.75862
92418.25
18347.195
60931.074
49330.35
63641.125
83254.39
29182.389
144178.53
28458.566
220909.5
35648.37
132210.38
31655.42
32181.75
52183.887
36001.402
143430.25
