1221029.6
3904157.5
1106367.5
1459032.2
576512.06
1398960.4
345731.1
1688074.5
110736.84
81411.66
2673828.5
1225251.5
215883.77
65883.984
620364.0
157847.28
235300.16
128575.44
1121759.5
1923656.8
3607578.0
688350.4
33474.824
3438604.2
942527.94
525713.5
56593.027
1883352.0
992086.56
985491.56
72131.375
284701.5
3617312.0
1527326.8
451581.47
838386.1
1140253.8
2709490.2
14320.374
51937.594
1008677.9
221319.19
77484.09
4087296.5
230996.67
210552.97
534889.06
186355.56
2623621.2
418122.03
567882.44
140612.95
5619188.5
2015104.8
8448.94
6240.698
5880.452
3245299.8
728197.4
9458.612
10297.184
23988.19
6782.5273
22375.973
53251.086
72715.16
137872.25
90636.164
22354.832
22114.555
