85684.13
931281.6
890826.75
2011299.5
1159832.0
1109461.4
828724.4
1523297.0
845248.5
5413236.5
265695.56
363248.3
535169.5
802637.44
406593.28
6142476.5
1256142.4
4252936.5
805127.44
801015.3
687656.7
336030.75
3353381.5
2973723.2
825127.94
3577914.8
314555.56
1354153.2
2784943.5
4111276.2
2105314.5
2142889.8
942956.6
991903.0
5474550.5
689150.94
627813.5
1220625.6
2317296.5
776202.3
1211257.6
2418294.0
1152670.8
1683157.0
2246089.2
947657.06
4751665.5
2169757.5
413948.84
378874.4
1284263.1
1344529.9
760912.56
734536.2
793673.56
912590.25
1992203.5
1704270.8
264747.38
445914.94
35641.316
1103783.6
214351.08
694611.4
3665471.8
1346567.6
631820.25
252981.77
2607619.8
1439466.4
2437337.2
2284334.0
2000581.1
1329504.8
1157477.2
2200475.0
454194.5
412281.53
1560905.0
5218225.0
2366560.0
296256.97
1586659.6
489930.0
97172.5
1580711.9
171681.03
41290.227
6420082.5
322297.78
252516.06
148243.06
148243.06
148243.06
