8245968.5
1209217.1
1604441.6
2106135.0
1422505.6
1833747.1
3046723.2
512486.66
2197964.5
2448829.0
426965.03
1344450.5
295934.2
925375.06
64997.418
34876.426
185497.78
646410.94
1598813.2
1581142.4
295258.38
3716011.8
177581.62
239443.52
463903.56
260281.86
2443823.0
1748494.9
270945.12
1055015.8
907633.0
700692.44
290598.72
660766.56
186272.81
2134797.2
169647.66
345332.94
218628.86
1378995.2
780359.25
2085153.4
2124006.8
3261180.8
2297095.5
1614269.4
504285.72
255757.66
216857.52
38094.4
564603.7
5084430.5
191980.78
3417294.8
92783.84
2603039.5
52317.934
78030.43
53641.105
347363.7
3736309.5
6806645.0
