67023.12
36832.363
40215.35
49924.457
71512.21
114963.35
106549.47
48783.01
41835.195
120137.88
38829.957
118327.76
11512.535
1451095.5
41062.47
194255.73
2053850.4
103829.18
26267.074
21513.438
63472.75
85162.32
1749300.1
69960.8
253859.08
235746.17
47626.723
261472.11
467805.72
50327.484
47018.89
211351.95
36696.203
248676.56
145998.45
51832.848
308638.78
78627.125
97837.836
52052.4
1836579.2
121336.12
63656.707
73587.9
111074.73
168791.03
80140.09
65201.83
1206275.4
54900.37
1831224.0
874704.8
2152943.8
80130.12
827515.3
2165619.5
87932.79
62061.508
2451164.5
104241.484
2345216.0
17396.275
1751612.1
47620.668
2254828.5
130117.75
61459.54
111907.0
60031.387
520014.34
2296462.5
37980.613
960094.94
219333.33
126758.586
1188251.1
360504.84
135192.17
2242248.5
98030.21
113331.27
150588.4
40811.797
109100.45
162731.56
66223.16
737046.44
530594.06
240980.36
3880688.5
170864.67
101915.19
41638.953
679935.6
221854.16
1413133.6
163587.38
21966.045
777211.56
296126.0
156957.56
123067.57
2541447.8
98394.09
6622.553
3042494.5
210159.52
789064.06
312678.97
345723.6
669993.2
2528424.0
65195.734
103272.086
89732.305
127449.33
113198.016
324273.38
51085.168
7511.457
