169137.98
672758.2
226984.53
1498430.1
1834557.4
3009495.8
1411962.4
824470.56
1161745.4
3855557.2
1154865.0
149852.23
1572727.5
1123274.6
3060681.0
2624433.2
2024111.5
527979.1
1366406.8
2135096.8
543640.7
814225.6
1830913.9
2351884.2
6989084.5
191475.64
127999.94
2021303.4
793356.9
848227.3
2277727.8
4122959.8
1189680.1
1895566.2
1730804.6
319293.53
410662.47
229813.03
1009552.25
1744405.9
1784210.8
3392007.2
2354665.2
1010201.44
1706586.4
831897.25
1165660.2
306751.62
1752271.5
2413582.0
522631.22
2171332.0
3136234.2
1514510.4
1235798.0
13776356.0
332295.28
766893.25
427320.75
504433.7
637597.94
