755706.8
3034826.0
506600.03
4617849.0
55460.11
94181.96
4778802.0
77303.32
31899.396
59132.227
218089.47
104953.24
323562.6
35217.793
222156.31
49821.574
91320.305
43885.555
162099.77
114857.5
37006.355
73863.484
121859.6
1573478.8
974212.56
228833.14
891758.2
712886.3
805105.3
513720.1
506398.84
420083.16
308912.34
365906.6
1395889.9
617304.44
602379.6
677653.9
148775.92
401653.4
241187.61
178497.53
712814.94
648953.5
23645.729
72328.33
54082.156
13737.613
1405796.0
200928.67
900208.0
1337435.2
413219.44
9865.877
9925.025
9838.053
9584.918
9839.078
9797.191
8920702.0
190795.84
39515.09
18850.455
4266.6143
8322.076
8805.691
26694.162
26679.223
17394.6
19870.326
6064.092
17606.684
6701.255
736.6383
