221838.36
233043.52
338179.44
519115.6
1464863.6
2692184.2
1489576.6
1550683.1
303969.47
280662.12
166709.97
101874.695
66550.336
547589.5
1885947.4
1880935.5
550898.9
860765.1
1677543.5
1719638.5
412346.16
204558.14
447008.84
1604321.1
181690.28
257677.92
578135.0
238847.55
79800.04
485883.75
256156.3
480184.56
339047.28
121498.555
125666.78
276444.94
57791.055
129935.875
357525.12
52412.043
217118.3
237728.5
849111.94
455382.9
359848.72
454041.1
230138.0
414102.06
263150.8
329816.78
1346215.2
989713.0
2156412.0
255217.3
228601.61
444950.38
645731.75
1589265.1
109629.67
35506.844
