5729106.0
354427.6
293670.06
99525.39
77999.99
8488.191
5584.1914
2829485.2
710927.9
424071.22
1094804.5
1690020.5
1054578.8
529551.25
1069833.5
714255.2
120830.14
17277.113
8406.923
12104.984
1321239.9
1321518.5
2885675.5
307184.62
42892.59
1143074.4
58469.824
2092193.2
593591.9
837086.0
243022.89
3565994.0
1202560.9
1930198.2
496870.0
474939.66
283143.03
190599.55
559125.56
197542.69
5820.542
9363.493
4849.7026
13331.416
778993.94
2959795.0
207058.88
167054.81
1777326.8
1719459.1
1889531.2
757100.6
212284.97
264709.97
333580.66
343379.56
105451.85
117402.35
175069.81
555953.6
544380.75
1501488.8
1317808.8
45219.27
49252.652
27496.84
32930.39
815225.6
28962.709
311740.16
158312.7
253760.11
434160.22
18812.848
1874815.5
510550.34
95386.24
