120210.82
68789.41
1175252.9
2966.0586
1343975.6
6225.754
2094447.6
4696.771
1522749.6
396469.16
42612.734
44897.895
252289.06
28360.936
495208.9
15728.13
15888.983
13513.525
11716.827
309919.56
1061139.8
1802008.2
2793758.2
1311104.8
92208.79
1229491.0
103865.836
2156996.5
1557391.5
7126556.0
3062291.8
3334834.2
4086102.8
2067330.6
518205.84
1855945.9
771577.2
658862.1
863792.3
1447912.6
2127559.2
4691132.5
18063.652
807744.2
762353.1
1756920.6
2663903.2
2913921.0
2060137.0
2108996.0
1150407.2
1058622.0
430355.12
2598893.8
938804.9
1835865.0
2721642.5
4097978.0
2188035.5
1105337.6
3381796.8
7559526.5
1483279.4
2499299.2
641412.25
540336.1
3989434.2
419587.47
5123204.0
874409.56
520012.75
4428617.5
1122151.9
2697028.5
2958201.0
2730173.8
1124877.9
1621530.0
106432.13
1172786.5
2757327.5
1785536.4
296842.28
14106.187
2797398.5
1601069.5
1155718.8
5516095.0
646049.06
2890964.0
580669.75
2579225.2
854027.9
1621608.5
418961.2
2620541.2
2754446.8
195418.61
1494367.5
2600646.0
2145794.0
2369701.0
21391.81
5864238.0
47782.324
23621.188
18812.393
10881.943
