332032.53
947034.25
810136.7
194182.2
696223.94
1242866.0
224145.2
199907.88
1089298.2
751865.25
420268.44
20506.889
304179.9
156957.94
406591.62
64707.484
138868.9
102429.25
412924.44
334007.53
271057.3
456418.7
4111.5635
21190.24
119662.95
7556.373
254014.12
157497.22
2755568.5
134350.3
375693.38
465796.62
138421.8
849907.8
389239.8
1237715.8
157689.78
1152516.0
444747.06
615987.6
283098.38
547403.2
442609.56
411729.6
1568609.4
320801.75
11176.982
569480.5
154786.02
910322.7
587190.44
817496.75
97467.33
76271.2
818385.5
244308.67
796653.1
523884.84
1355521.8
808760.9
864978.06
192009.27
931834.9
593353.1
1390877.9
1764415.9
157626.2
162748.11
723263.6
489100.78
1163658.5
580432.3
942122.4
264315.25
1611764.1
1079264.5
242025.0
561201.5
647886.2
499875.62
1178757.1
1459981.1
533715.75
1216960.1
2103343.0
589683.3
755908.9
1866798.6
1004755.8
631206.3
364370.66
425067.9
49415.004
697334.9
743125.5
1779986.9
870480.6
1231355.4
221076.17
483983.3
206129.83
1480991.4
363771.0
94878.62
34620.01
514482.1
1339066.1
423198.7
673912.4
2946764.8
1069826.1
32143.324
504567.6
561312.1
584345.2
701116.5
