225876.77
166586.06
3373223.2
124076.64
3890332.8
372777.28
222154.02
270680.62
3486805.0
580072.9
32720.355
3365046.0
241013.84
3741602.5
91325.0
1189597.6
284162.12
495154.34
213214.84
82131.445
159005.05
79906.87
308151.72
282340.6
223508.06
270428.3
30759.807
2496916.2
117186.37
166115.81
199469.73
251428.16
356081.84
365462.78
188545.5
317986.72
512073.72
212438.33
68499.51
359292.8
2118570.5
2565716.8
176427.7
734147.5
693432.8
721983.5
122907.33
135183.53
888408.44
154139.88
226029.86
331712.28
110477.62
278583.03
333297.22
380005.16
1352376.5
344030.0
472791.03
183567.28
43788.8
395246.88
322584.88
821571.0
398726.94
17334252.0
371702.2
307118.7
3791105.0
1380983.4
580071.44
1528413.9
481212.1
2594294.8
1383056.8
362898.4
241683.92
253225.3
542404.44
315172.47
1270326.1
125548.836
113977.195
1174772.1
10071.906
30950.629
71273.375
16471.09
45395.21
35597.914
