135248.75
35411.957
985113.1
105825.97
6066027.5
8151335.5
102653.31
1093084.2
11316487.0
158897.4
11208077.0
3052860.2
1967348.4
83427.484
531748.6
420794.72
2010967.5
2044854.1
891963.3
393563.6
2134859.0
4883291.0
2350853.0
928284.9
2471617.0
178221.39
7765253.5
796270.44
1479449.5
629974.94
132082.17
700888.44
1299265.4
825626.5
4675577.5
1114307.5
1640459.5
1100075.1
736566.2
2160183.8
5648999.5
229828.08
372183.12
197494.44
5219102.5
2617522.2
1372019.4
1356420.1
799710.3
874748.5
2046525.6
1895839.1
253869.03
553555.56
630998.7
297308.22
765131.94
153667.67
258735.94
1522340.9
2643809.0
