1759561.6
233693.06
112047.9
29134.715
10067.914
2556486.0
706285.5
3869082.2
1060095.9
1472504.9
3427272.8
336637.56
5452204.5
317342.12
2596816.2
1411116.2
373954.75
2731919.2
959580.1
551003.94
827442.4
13699.928
863145.8
948963.44
683291.94
2163762.2
1740923.6
2319392.8
850075.2
214669.5
1217869.2
58903.707
25742.707
206810.08
5435944.0
51852.133
127875.71
499720.44
338262.6
1626040.6
3120003.8
1572030.8
1171054.2
138657.55
247072.38
964862.06
192571.1
1404321.9
1449250.5
217699.34
2725091.0
27324.752
6127.141
3309.8193
7929.305
