494611.16
231763.42
1189563.0
272138.22
350600.44
4382916.5
686214.9
1292800.4
3763117.0
1793333.1
1063707.2
3920139.2
449013.9
163973.97
44016.723
1525067.0
415298.38
1132944.1
2946307.8
645031.9
216757.3
969759.94
6286862.5
2218602.0
497010.38
3092163.5
1153563.6
1966309.8
836451.56
2317091.0
2092598.4
2261246.2
821480.7
1991354.1
318310.97
194481.48
297713.0
366973.6
3672689.5
2242039.2
1822878.6
2292104.0
1834850.8
426516.38
817344.1
802371.4
1086096.8
1149802.4
1180521.6
309308.47
4934990.0
773215.5
3333760.0
432210.75
841966.5
1327138.8
482016.62
2186149.8
3452122.8
4029080.2
477461.75
512601.28
6599209.0
2169401.0
1984063.5
1453638.4
764393.8
208211.42
31142.186
71436.63
200495.81
779096.7
198206.0
345923.34
618190.1
229812.5
227292.2
139279.69
291749.38
115087.805
65126.094
243171.58
