108114.3
8592892.0
1375773.5
291192.34
1168253.1
551494.4
182746.5
21027.041
3747252.5
1597759.1
1249437.6
875103.94
580817.1
21464.06
2688927.5
1707825.5
1793010.1
139251.8
5850576.5
1962426.6
344012.88
24418.14
186462.03
8770556.0
2418125.5
565341.7
105156.86
7326467.5
2219687.8
301529.4
5885251.0
259238.44
357012.0
4176541.0
646421.3
2028504.2
1850882.0
17735.104
6844392.0
994292.9
188824.36
1983328.4
2638111.5
1568166.9
16282.926
745939.7
486006.9
1847485.9
5294059.0
1569679.2
1621954.6
1866537.2
477898.78
24089.953
2006034.9
1064604.0
18242.266
4840864.0
657642.25
543081.5
1095286.8
1580608.6
1846943.6
839140.5
1181242.2
3077461.8
247521.56
3822537.2
8746547.0
1111091.0
172913.89
3062474.2
3937064.0
1012356.8
500624.03
767110.9
637627.6
1317631.0
6165556.5
1592470.8
19084.613
17006.125
5896305.0
3699257.8
1119726.2
34309.027
204357.19
16380.751
14400.651
14426.305
14349.473
14368.999
14375.094
