6318377.5
1732448.9
1382292.6
681616.5
1729312.8
1006289.25
1412074.5
282593.9
437799.2
1251771.6
214261.4
119845.0
546507.56
2107841.8
116840.09
425335.03
1866309.4
1444280.4
112352.34
1579180.2
341552.28
829560.75
1125486.0
573938.25
900662.7
935721.3
1087713.4
636035.56
727442.94
411516.47
778535.4
1661133.5
182255.66
853495.94
114412.234
1152597.8
1008368.3
307805.66
80412.41
1352287.0
1206047.5
137894.55
22396.21
126238.89
326373.4
197713.05
265226.6
240090.03
122597.7
298913.12
353744.84
700937.3
437078.5
718417.6
824428.6
583361.06
3136601.5
382831.4
400861.66
29972.723
248444.44
165996.22
157720.77
157720.77
