2279.8108
3266.275
3198.3452
1973260.5
2749850.2
130406.16
70298.53
136832.17
505022.72
109128.76
112355.63
219469.02
3342233.8
2930051.0
254320.12
40632.94
4736299.0
157561.27
894726.06
35154.867
1482955.2
11025.888
137790.55
2942715.0
45159.773
289326.38
99110.81
12391.291
193000.7
4563758.5
62742.71
1114933.1
4785.8755
2070749.6
118741.34
4162120.5
204668.23
863797.6
533395.75
4443843.0
1398524.0
7481.142
29162.186
424644.56
205295.7
6061753.0
602290.06
52938.203
148872.28
54324.78
669837.44
110678.195
15867.802
6345.756
8000.4263
6534.5474
96440.66
