10916458.0
190047.77
168132.67
116195.79
158778.34
1386686.0
1212002.2
209517.19
537421.7
820892.56
1823370.5
977614.5
1710277.4
2381344.5
4141181.8
628197.8
288023.34
1945920.8
1575462.8
2717877.2
717754.4
3920918.5
261266.08
1861663.0
368786.78
235154.69
837919.9
2130394.5
45735.176
66680.445
45939.35
59621.242
961814.25
516059.3
222753.88
983817.94
6401693.5
6090565.5
1336845.6
252035.17
160031.72
745464.06
133691.81
2141992.2
2050373.8
1070373.6
533985.75
952703.1
579588.3
1845883.9
369076.3
861967.0
361288.3
583382.4
1743533.2
773334.2
851603.7
18659.871
2713.9397
7876.832
