13448.042
269864.72
41233.83
1493192.5
5290128.5
42578.156
977279.1
203278.84
1391139.0
2515.3047
863916.7
178509.64
1884056.8
4612.244
2082896.5
240493.34
692898.4
29945.924
828424.56
182160.53
701393.56
332398.78
34566.746
35609.836
63209.645
260959.44
113616.63
330873.8
4866644.0
18978.63
62486.5
2432147.5
378793.94
141307.4
91266.35
583757.56
71869.18
134649.86
101332.9
177124.45
1635536.1
151708.7
872051.5
16214.282
43274.227
1604393.8
455271.16
161822.48
1323298.5
10882.335
839135.44
2339202.2
2056635.8
1269116.0
893152.94
266805.53
2016291.0
198395.6
649467.7
477883.4
84916.87
762144.0
70613.55
74812.695
5074543.0
10316.432
3968.0337
204671.5
707649.9
117913.29
34468.574
