90724.484
220491.08
81380.12
7971.8726
404198.72
3889776.8
5512312.0
1393312.0
2414416.5
513942.56
142625.27
151040.83
2929608.2
26236.607
5390000.0
610246.2
1007158.3
188695.38
80500.18
2807922.8
15876.211
753.2889
5686533.5
44718.57
1364656.1
24727.094
51465.023
5185161.5
35875.0
112268.375
1705731.2
86732.66
90463.734
12892.852
2273486.5
10957.046
5071728.5
148156.86
233044.05
29621.53
3483221.2
18692.129
20747.508
21683.557
20352.307
1763.493
1124660.6
2492024.2
151306.86
57357.426
74150.06
42615.49
270279.9
35538.94
5234694.0
157664.38
456878.38
16827.746
3534334.0
238339.12
122885.85
847585.1
75664.68
5821676.5
90619.734
2114123.8
2674.2073
2772.7537
2676.5527
3305.8396
2618.8542
