584727.5
394284.62
333515.0
933346.06
592697.0
743645.75
792972.56
129951.88
679740.3
2538141.2
2325652.0
316768.62
1002365.44
987845.9
654140.8
636019.4
98067.02
457331.5
438077.16
191074.75
44384.566
715015.6
1449870.6
812507.25
328207.1
232958.89
519838.22
336157.38
192636.25
751721.3
2835973.5
865845.6
222584.84
343352.5
146469.62
879589.1
1495847.8
811317.9
473258.66
698397.8
46030.824
35442.938
224075.31
1314706.2
454921.56
766802.75
131924.39
800090.5
653739.0
108023.78
1059238.5
1184668.6
39268.7
558707.06
413101.53
400393.5
125642.62
295859.12
143140.8
632082.1
89555.03
1770192.5
781169.1
381426.0
947889.0
585270.3
441013.2
272370.5
733938.3
344533.03
404259.78
2346956.0
649274.5
457226.1
87017.836
39030.867
111058.12
222246.6
954388.5
590946.4
195844.56
395463.6
482584.1
438021.4
280210.2
723886.56
912270.9
294915.38
22615.695
14160.99
