1785788.1
48570.625
2507364.2
119863.79
177007.22
909694.5
1065691.1
215253.92
1159.8477
1544.8889
1455039.8
899010.8
158631.92
1398133.8
612613.9
884020.1
397239.0
1217225.5
4031226.2
238334.94
1592593.4
773457.25
3226167.5
651706.6
919410.56
476656.97
1412258.2
2984375.0
24145.918
781516.5
4325296.5
41070.926
2091440.6
678644.94
1697863.1
116870.68
532685.56
268394.56
742933.5
1573669.0
529925.56
1238036.1
1145602.2
2137940.0
808825.6
25801.838
2428.6372
1155294.0
268500.0
834083.2
678292.9
54142.49
43832.297
972411.25
20800.686
33250.39
80405.63
1269815.1
871263.2
543066.6
11917396.0
536815.9
5750463.0
584789.5
5242842.5
889076.0
292063.94
121517.414
1151864.0
1859364.4
76871.02
151911.19
921074.44
149469.9
336241.16
163060.97
96941.28
1369117.5
1346059.4
24901.191
16112.709
8254.251
9815.017
393033.0
