6507802.0
358937.97
1012127.94
2264895.8
297712.66
581991.44
176773.17
2744232.8
377516.53
357020.16
147091.3
1846639.6
2328560.0
147449.31
764407.5
238363.25
552258.7
1167175.0
454516.3
915882.3
2192756.2
2730593.2
3573528.2
568421.75
1228404.2
1657518.9
399459.66
1219794.9
1422803.0
218185.94
1979863.4
601766.44
1941445.6
75804.56
599084.8
218005.28
464289.4
1262932.0
1765203.9
2043431.2
1797706.9
1692022.5
1522028.0
814952.75
1360220.1
823744.0
9876006.0
393327.2
1452412.4
974565.5
2593578.8
1783919.4
2578817.0
1999402.0
560889.8
402986.56
3287029.5
722677.6
1610362.4
2284019.2
2192318.8
1631443.1
1052603.4
154998.08
720697.9
808347.2
781607.7
6270608.0
1856612.2
1831406.6
60446.76
1934614.8
1682827.5
2764226.0
1039913.94
702172.94
478194.8
3236924.0
1514805.2
123998.11
2186921.5
609243.2
166997.98
648227.6
860064.8
609527.7
508335.44
111783.97
15854.718
15833.703
15693.295
5959815.0
523179.47
516736.72
1414222.5
703590.7
9323057.0
1550.7181
5294.5063
183311.55
