7509692.0
629761.5
1254700.4
1261011.6
726945.06
1405424.2
233165.05
1091569.8
1199158.4
869154.44
417581.2
331620.78
3118018.0
641045.06
907977.6
138151.12
1038820.1
312877.38
171499.0
148979.42
250510.11
4051136.5
2295549.2
757582.3
43299.02
1542637.9
654808.6
1272714.2
97094.82
2346232.0
925853.1
655983.75
1013109.2
473581.8
1156843.1
262792.44
3254751.0
1059300.5
774246.56
2087234.5
9661.854
5197581.5
841325.0
659699.7
2272892.5
589842.4
1639611.1
424417.6
628204.7
29690.69
6839342.0
172214.34
473861.9
90844.914
1560102.2
46686.367
373303.53
152925.17
3976247.8
21628.77
6592.7236
