511906.44
3052737.2
174130.53
540475.6
2880180.2
100355.59
424296.72
586327.56
283406.97
3477121.0
1685985.2
112983.38
261281.36
7511525.0
6704700.5
54116.984
341597.47
293127.38
941673.9
2123354.8
261540.89
1468745.6
325783.38
1763939.0
2442376.2
205795.7
1238126.5
662238.8
3737685.8
1640042.0
643033.44
1460818.0
1068534.8
940547.9
36036.027
7635514.5
675103.4
1046625.06
793780.6
2493972.8
1466354.4
134516.0
525482.6
1586923.5
1602668.9
596041.3
609419.25
1607597.4
1341218.2
5301959.5
423992.0
1949589.2
2210835.0
424669.72
53182.906
1771533.8
134022.97
457324.03
2681153.0
986464.3
1409441.2
673294.2
152419.45
2778817.2
2229352.8
612598.25
671535.9
1597713.4
3605053.2
514207.16
1799090.6
2451866.8
112593.516
1109378.9
762671.25
266221.84
2428336.0
1700717.2
1995124.0
201873.31
336373.2
2613403.2
294018.44
1990859.0
16309.712
414055.4
