1290.216
2251719.0
26916.33
2764619.2
3497168.8
376875.28
2082269.4
29812.697
14976.44
7469.386
884229.1
25542.389
2443413.0
30855.6
2091597.0
12230.157
29187.396
75181.47
69035.83
2274665.5
1155067.4
866790.56
1638123.6
6689878.5
998600.56
3419195.8
1184721.0
638661.3
7377810.0
14897.503
16343.565
1818923.6
4459.594
31521.51
1230970.9
2954900.5
2747.1147
1603416.1
65664.25
3427774.2
2690979.8
11933.695
14310.134
3546273.5
11993.224
1098165.2
1423.0369
756673.8
140816.75
927.0389
20.191813
1093.2731
106.246704
11991.98
175.73076
692.65546
177.89516
160.93288
113.51724
