400937.9
1601585.2
612582.1
458260.53
1140670.9
627706.0
3154268.5
2226812.0
661448.8
1018829.0
429060.28
978635.56
293477.28
1494025.9
134652.77
228015.6
3620298.5
691783.8
59363.594
943017.56
632766.7
1353931.8
2040308.9
2504302.8
1143617.5
940738.4
3223979.0
383465.97
564227.1
1951554.4
2223830.5
718898.56
767492.6
1783172.6
234938.52
551571.44
1892984.0
727066.75
57625.36
1382328.1
852365.44
1432272.8
3467725.2
653498.1
1021596.94
1200906.5
1726128.4
625091.9
867252.4
2268.034
3477937.2
1255734.1
483649.34
2588299.2
1862353.5
988011.44
559464.5
1660943.0
356.7691
513756.4
748546.1
360792.3
661029.7
