1817232.9
118726.586
1365907.9
992440.3
965039.4
8076599.5
8000569.5
842478.2
1399588.4
3201131.2
2306054.2
3079387.8
139842.25
4990357.0
869599.9
440127.88
2125444.0
1928262.0
1100245.5
1387683.5
145490.36
9817600.0
2345450.2
196464.48
795842.06
3015508.2
906772.0
372396.34
7722799.5
3102988.8
4917133.5
9812709.0
3817.4202
7627.947
779857.9
3684161.2
980987.0
204677.03
401160.84
2513438.5
11469106.0
624382.2
1304545.2
2686760.0
945586.4
520131.94
3892741.5
2905297.5
208291.66
1508291.5
235401.4
2508915.0
988474.3
909305.94
1042485.2
717888.6
2613669.0
17732.701
336040.3
15557.811
