7796788.0
4125708.8
2214796.8
1802703.5
1432360.0
777171.25
5478839.5
1214740.0
378747.53
4372568.0
2470908.0
3910594.8
1005041.94
2826895.2
1544334.4
3141464.2
3238349.8
1753671.9
1722727.2
315470.53
625683.75
242525.66
2370877.2
1969956.0
1049478.9
2744745.8
267371.1
3769248.5
673122.44
136765.0
695058.5
1780236.8
102391.94
3326905.8
169156.73
372168.12
3607175.8
167817.72
2089603.5
327226.38
222363.66
175120.9
1707283.2
1911512.8
12203.438
3096152.2
1410258.5
1707105.4
5946109.5
841908.2
1934843.1
2247721.8
551399.5
1213522.9
1320334.6
2073491.5
1687288.0
1231279.9
126857.41
116876.41
148243.06
