71179.99
4334737.0
319672.03
533238.06
537723.94
785967.75
1745253.1
4354000.0
1670184.9
758158.75
301602.44
84242.43
129222.92
2199393.8
58941.14
412665.66
53518.05
80273.5
56511.754
68116.92
73662.13
1434235.2
254161.53
43918.3
218964.55
201814.78
42590.754
86506.87
162229.98
3100618.5
1636603.4
1196652.4
10447.663
1684513.2
866169.3
3401845.0
2577179.8
27194.926
438158.8
1027692.2
5201980.5
961430.7
8416553.0
4787489.0
3166256.2
5063619.5
1058457.8
440590.03
35707.76
3475756.2
1421760.8
47302.77
66023.45
1834557.6
40165.34
55393.605
82748.56
4915382.0
235564.66
449235.62
237823.94
116804.13
168750.36
151731.22
1997586.1
5453.97
1359704.6
10463.364
8567.401
8403.532
8516.832
8518.988
8520.361
