814804.44
8318.746
614626.7
42922.684
892709.75
674331.25
250793.84
5714.1025
636109.94
92086.32
737439.5
4863.1465
8001.7627
1090534.9
67493.7
2098313.0
361160.5
416842.12
395544.75
199857.22
313056.03
289907.7
434252.06
613382.4
45970.535
364643.72
59131.934
1304285.9
433162.5
1334731.9
1833863.4
153039.12
53782.27
825826.94
145603.08
297662.1
177741.19
12147.204
496170.22
123251.51
1670502.9
44949.9
191614.94
155919.2
254831.97
493106.97
807417.56
632341.06
330596.94
1098680.1
212725.66
65302.598
13608.683
16162.188
959674.56
1902.968
492.11658
3866.7837
3343.5278
2476.503
