427093.66
7890.0713
661774.9
6306281.0
4134.1704
979.92596
869208.7
8539.419
11582.566
460201.97
1985201.5
1899534.1
812383.4
1225689.2
698256.9
1509907.1
4576158.5
582804.94
204785.3
41207.19
374350.4
553249.25
383098.84
4734374.0
647372.9
3226877.8
1809444.5
216077.62
487752.94
11650.497
346609.88
184650.62
1057631.8
30880.402
2400716.8
381472.6
652846.6
2881597.0
2989603.2
140207.23
1158176.6
79341.86
1603693.6
710328.4
259028.81
21629.299
37440.61
13665.939
4221965.5
1061759.4
196726.27
880113.1
30702.09
166731.58
2979903.0
62509.344
14656.647
3457.4802
1462903.6
2311620.2
229071.75
69893.336
1541666.0
1179940.0
936644.8
1379353.2
49021.152
82703.96
576478.1
822599.0
1049714.4
1455045.1
445042.94
66564.05
32568.91
162157.83
439276.12
351495.94
271581.53
90990.234
55581.434
22031.133
22031.133
145391.56
148243.06
148243.06
