148243.06
148243.06
196159.97
1235424.2
6622054.5
8674999.0
4515330.5
825425.2
924961.25
565823.3
157313.36
68985.69
111284.734
179401.4
79190.555
343195.03
29167.629
23842.053
1057830.2
148243.06
111682.89
82256.07
107684.76
42790.336
145539.53
239275.02
207105.31
236555.11
171640.1
270530.6
325277.53
258612.53
101732.53
1609326.8
487465.88
1136743.4
1145863.4
2159833.8
1619470.5
2208383.8
365001.34
946366.75
1037319.4
1843744.5
748973.2
1192954.5
1140767.9
714245.25
10834916.0
2829196.2
1459620.4
823123.5
1846831.0
812464.0
431770.25
478369.06
152822.31
1041099.1
1282849.1
7942485.0
1298633.8
631020.3
1503077.0
377846.84
1854571.6
5405762.0
1044990.8
1300598.4
901216.2
100506.32
705553.5
4215936.0
2428364.0
1464198.1
304891.5
1460912.0
1319969.1
1661077.6
85544.07
478856.1
562218.8
458303.53
549899.44
407873.97
533988.7
633247.06
166526.64
245741.7
19226.4
5078872.5
371969.62
1298615.8
330617.6
672790.6
1768356.4
540543.1
716288.94
233314.2
1621741.5
495631.5
453911.28
1485134.8
2120289.2
2056918.9
1711510.4
1128455.4
136675.72
136383.31
131984.73
