518431.12
2572110.2
82286.91
4269444.0
1760174.4
82912.945
521562.0
4989354.5
363571.2
602274.56
1947615.4
1336738.8
23324.312
1810143.4
1038908.25
140833.2
458828.34
2093991.5
543847.7
3319102.2
179326.0
1614879.5
234483.02
571832.5
3363977.2
708908.3
119965.04
1860159.2
2097293.0
62357.5
3055635.2
62122.59
205496.78
3390562.5
601544.75
399259.25
716592.56
976984.8
1014156.94
1214705.4
6781352.5
366167.2
1766458.8
134274.95
973238.2
191649.97
767375.1
798404.1
1672431.6
337821.4
3091074.0
974026.5
2162225.5
109847.086
39475.812
30002.668
10657.268
2196519.0
37652.85
61153.04
