195323.55
187251.44
1790071.2
88737.98
86811.05
1069082.1
37519.45
7517.2
2218685.8
83709.7
277500.78
395296.75
121549.92
1375476.2
96117.18
1267362.4
4175540.2
442146.44
1702940.0
3137822.5
84073.3
56242.676
633645.8
163978.08
12232.327
815661.06
109542.48
4226847.0
918402.2
336270.94
1938788.2
57610.242
2184008.8
461985.94
14394.316
334597.0
77123.125
10477305.0
453943.1
834801.44
3270777.2
766791.8
746313.0
1695501.6
2094533.8
1181658.2
3121662.0
447271.6
2790592.0
1224719.2
1417096.6
1503534.9
3236583.5
911736.25
4494711.0
335296.3
917131.94
3064603.0
947138.0
16724.459
2638737.2
839471.75
1025453.75
1159422.2
25861.014
29784.254
166277.84
1005034.3
612909.44
103450.74
12982.495
14420.684
3145787.2
338444.12
148243.06
