152306.02
5095990.5
1761727.6
370232.0
295998.28
13263.395
651675.44
186444.72
109355.42
4322486.5
657796.1
554147.9
367026.1
432179.4
2078227.8
1298870.2
398127.38
596107.7
2376471.0
1007847.7
919913.3
790751.06
25916.672
256306.48
26493.875
26538.934
26538.934
398978.72
426206.62
605125.5
216424.53
368600.3
1782383.4
216979.84
696322.2
948895.1
1207118.4
746684.2
510645.1
349859.25
317952.62
1878895.1
4827.293
103907.33
24942.05
147587.52
46123.617
94545.14
123845.05
128569.66
639431.5
275521.97
495669.16
73929.07
555392.1
566276.44
769501.3
108523.19
271641.34
181481.67
1170764.1
564863.56
864476.44
134903.38
1183021.5
338300.8
815517.3
490148.7
1743773.1
139104.45
54335.395
146880.95
165028.19
288672.06
260970.03
444473.22
401287.44
364640.22
374026.34
334731.38
276130.66
199646.28
245339.45
185624.53
208496.31
209999.44
235817.53
190642.06
2367781.2
1312141.0
225973.83
496970.8
1120078.4
1693390.0
981231.94
1625796.6
553821.25
1206072.0
1887820.6
854117.2
3110076.5
382388.22
1462093.5
352188.84
491248.2
980351.7
500385.94
2486796.5
607265.75
819252.2
2763860.2
3192107.8
2365719.5
2707974.8
832176.1
