312129.34
1180944.2
361439.78
92601.375
3691665.8
214017.5
3333281.5
1297714.5
1385863.1
1621234.6
163004.72
909908.3
285988.0
2551332.2
1095379.9
483653.3
1359604.2
1163189.9
1293805.4
557672.06
430169.8
4059864.2
853901.4
2105332.0
1930553.6
673919.25
741688.94
452912.53
4813591.5
1936506.0
1132356.6
935295.56
685395.5
247801.61
976157.6
2020344.1
301988.25
3045932.2
1870635.2
2311345.8
83840.59
326613.75
296137.44
701404.7
243153.47
6836553.0
163984.34
3775768.0
302257.34
978703.9
6876.883
1312345.0
752930.25
1198894.0
994926.1
1172745.9
764366.94
2488195.5
949592.9
921461.5
919706.56
1077547.2
2694448.5
320119.12
1437003.0
567926.25
1856888.8
1026919.94
2102744.0
2150233.0
1545521.0
318812.75
676305.4
1703095.4
2373337.0
747132.5
2256529.5
2559014.5
498659.88
211169.11
2216096.2
1129917.4
412819.9
107640.68
406165.06
205849.12
1286458.6
90810.04
4665866.0
162935.23
4033972.0
57416.758
991029.6
1961775.5
5370547.0
479026.72
748266.94
209210.38
123575.96
213708.22
