7075579.0
348045.72
202061.56
95626.9
411736.3
4819.913
7200.26
1755834.9
94026.66
914255.44
29019.912
1255318.8
71536.05
108225.31
138857.11
71620.76
7866.502
1611967.2
2152.0059
13522.75
29041.25
852575.9
579938.94
111713.31
75159.945
419773.16
174372.89
73306.6
1760925.1
864512.6
1584479.1
371199.22
24505.775
1946708.6
59037.246
15591.18
81398.59
1631356.2
3564.689
7086.825
187141.94
1011310.06
29746.312
21346.36
956503.5
19599.213
234288.94
23545.682
24642.736
1274827.4
1843.0181
1580.585
1072644.0
2450829.5
5090.9424
1191.6989
14269.142
465057.28
5467.103
23492.441
6124.285
11864.304
4924916.5
24243.283
254472.02
26877.342
121813.53
411662.0
12661.29
17030.68
3579.94
31506.016
32219.521
6581.3574
13740.806
12081.345
10264.208
9503.986
8726.976
156103.5
69474.85
183092.03
15035.083
18683.17
8964.944
15615.371
5894.8247
2658.0356
