1310338.8
232447.39
17526.613
4811.362
3170600.2
4054.4016
5192.1704
1223855.9
4926.509
9598.987
794979.94
7824.3086
3548120.8
14493.098
6645.555
5962192.0
736922.2
11907.747
246276.58
514057.06
28081.732
77948.016
964691.7
214301.45
340684.16
507827.5
12431.39
63809.434
922953.7
21504.135
18247.955
2600061.8
113695.72
79874.125
275445.75
28495.963
16837.936
375396.06
75070.07
1044455.6
61801.73
144125.72
43139.055
8502119.0
2447666.5
35807.816
1275095.5
233043.97
262635.94
24983.238
77910.28
152305.86
103800.11
123658.78
236061.4
217540.98
16983.438
237569.9
46405.87
21234.023
