34083.863
34083.863
345184.38
67253.62
259815.14
72368.914
19646.855
444504.28
133974.83
10992.107
37859.43
955991.3
46338.074
46712.48
46585.977
35531.51
59508.773
192914.3
1488146.9
58572.86
36036.7
67025.625
253491.98
864916.4
257324.56
329273.66
411964.9
275449.9
115242.695
1142769.9
23245.246
95709.63
367711.28
188703.23
104958.7
331327.38
218529.52
360915.6
88769.44
1293608.6
80837.555
88484.46
103213.84
171132.89
79764.32
235970.77
282010.2
74166.78
13806.534
47581.684
46010.88
156770.55
197516.55
1402414.4
132121.0
90480.32
295811.0
36762.926
119032.836
481223.22
635507.8
155089.39
107544.72
793649.8
106082.82
150785.84
1314570.0
851842.7
1139979.1
136863.03
213724.44
138324.98
355760.62
228535.17
150247.14
224964.9
181085.45
98556.15
707155.4
159306.6
70351.49
30709.553
59210.42
88267.53
67636.48
30706.154
153673.34
163222.77
127712.47
79126.87
110626.16
565836.5
157272.3
63495.953
327794.9
127894.836
44495.81
55542.55
198102.5
110389.46
2227889.5
77651.164
290576.72
37233.492
