81093.875
601927.06
1479171.1
5379473.5
926337.5
7083582.5
328304.25
765318.25
146440.03
132497.22
69307.83
878611.94
133944.61
2743459.0
616515.75
850264.1
2374164.2
454617.9
1128294.4
488118.12
855801.0
725797.1
363569.0
360497.4
279615.56
182711.98
146011.84
176014.38
110945.62
260624.92
3384582.0
141005.58
2828286.5
826914.75
369845.16
1231328.8
259986.31
1981307.4
1978340.8
1361485.5
424466.16
488847.06
1245225.2
151446.27
1566359.0
1017902.9
329181.66
2102544.5
1364284.2
1776576.1
2079244.4
2472791.0
1087395.1
24883.885
2577884.8
255889.25
456819.88
191422.14
37766.84
14781.885
