197859.66
1156326.2
187437.23
6213834.0
703678.8
12442.8
6413717.5
12377.97
18747.84
1306423.6
15431.838
74807.71
1580835.0
5825894.5
43955.832
21356.139
7008.2935
121693.4
24542.354
39745.496
20066.781
3005902.5
98248.63
398656.44
114682.21
15034.085
14736.153
15040.332
34195.434
1013704.1
53295.82
2569397.5
242753.0
36288.184
7037486.0
754607.6
168123.9
160339.0
7254802.5
345464.0
1247055.1
485538.12
840314.06
687553.2
259368.92
716562.5
413669.8
319952.0
658655.44
2920907.5
1096152.8
1138174.6
6903482.0
852322.94
1432663.5
456528.4
214742.34
147760.72
471580.88
839699.8
680196.6
265896.0
486864.34
823757.06
338819.8
1668037.1
1095786.9
3159145.5
2452129.2
1200087.8
1087335.1
847765.2
273449.44
886785.3
1850084.6
1642975.0
1202382.4
573016.8
881024.44
1446060.4
3963993.8
439171.8
1161953.0
1600260.8
59034.32
815547.3
1279274.9
787674.06
1181018.9
1237887.1
208011.75
474093.7
1517925.8
48241.574
530846.2
1872347.2
1605130.0
1633007.2
315804.78
377785.1
1668355.6
2221130.0
2593986.0
190923.53
2088305.2
890892.1
570945.25
1717519.1
8346770.5
3193926.0
613054.5
280306.2
99552.625
35283.17
31029.607
235896.38
