92882.95
3556706.5
32456.375
2592343.2
172464.12
9610235.0
869886.3
222380.64
2092497.4
1054684.1
90858.26
325155.47
108226.4
12789.71
11867.647
12848.08
12848.08
12848.08
12831.073
12859.305
2177869.0
1444847.1
932707.9
221095.08
1764072.0
918379.56
62347.344
1903915.9
3002715.2
4424006.5
972948.6
4777.3315
2137234.8
1806443.2
4575424.5
1710481.8
223965.78
1595907.0
2301206.0
1306540.4
1392722.1
791667.6
1986206.5
2748758.0
83121.52
261921.06
609555.0
17369.617
693237.6
1519921.1
230813.7
928305.5
382400.47
753176.75
1592887.2
1372321.6
823201.0
123793.125
1372.745
1736525.9
336468.12
1800487.8
391745.34
1215300.4
1210765.6
2694511.5
1387138.0
4569365.5
1210898.9
1629248.6
1812982.8
1270034.9
2262960.8
1856041.6
426158.53
733107.0
692109.1
2099561.8
5986581.0
544956.5
398111.97
203642.25
1330557.9
4446008.0
1373951.1
452008.16
1304475.6
2679998.0
677224.7
2578710.5
312738.25
218125.28
319735.5
8030921.0
383784.94
862466.56
499595.1
2043739.4
390530.9
2361770.2
498015.8
1065826.1
1377689.1
1022007.6
63105.39
2241488.5
1752638.2
1367224.5
11052.26
