526688.4
435302.22
836311.5
371514.22
299254.8
489540.6
1522202.2
570836.7
1772495.6
1603444.4
1393945.9
927842.3
1388970.9
3105450.0
623559.1
429026.7
1514606.5
745942.6
568233.5
96026.85
1610629.5
2777454.8
1222762.0
1970368.2
624945.06
800998.8
266109.9
733125.5
2773480.8
1734151.9
2245695.8
867410.9
533126.1
732413.44
2287165.5
4664484.0
821496.0
1733795.1
1262435.8
1972814.8
1088135.0
958439.25
1051389.9
970481.06
1021521.25
2133743.8
848108.9
2247511.5
1230389.4
1020251.4
2137817.2
1059428.2
1649081.9
1147738.9
2238181.0
180052.56
900684.2
1446804.2
792459.5
1782739.5
809111.3
1449312.1
584723.5
1183889.4
2369975.0
1241708.1
1311991.9
4662957.0
1301202.2
109877.26
916987.06
1017410.06
764677.5
1030039.6
850987.8
781149.44
41914.39
600748.3
409073.25
1132897.2
1050023.9
1106420.4
838468.75
1526589.2
13499.879
13489.277
493448.97
11842.302
11975.128
11641.96
