498213.12
17725.03
227795.34
85016.59
23064.291
545580.6
240279.44
219444.42
228741.72
215170.11
1760484.2
1333216.2
1451422.8
348711.3
901368.25
769989.25
1227468.5
596874.94
1830563.8
160550.97
1197523.5
547014.9
1003986.7
533419.4
2197741.2
56987.81
1947696.9
367340.72
138061.02
782496.94
504046.03
317707.72
177277.86
122734.04
1140926.0
101301.43
974593.44
37905.105
2664190.5
431696.03
574714.3
399715.72
257064.83
322136.75
186638.31
271181.12
81890.29
612885.9
33012.08
58046.34
289406.6
3772.6934
3561.292
4744998.5
101221.08
4411058.5
6108.0664
2405.1987
3328.8335
3914.033
