300974.72
125274.664
94310.97
9702237.0
757014.1
736938.06
290372.84
1880636.9
906738.9
663936.94
481952.03
325163.88
525167.6
547357.7
1011615.94
450120.0
543421.2
300924.1
574108.75
916642.75
1173345.8
88818.695
1080718.6
2662174.8
3830553.0
86524.125
6009063.0
178657.16
2472698.0
1627812.9
48575.4
141560.47
86598.54
1936992.5
207671.22
1226953.4
523525.78
2829811.2
357910.34
190349.88
1085521.4
1846809.8
1191075.4
764336.56
619313.1
1721380.5
5804483.5
2979959.0
660223.25
267135.12
6714037.0
142935.92
1940296.6
1705584.4
648476.1
1294122.5
768794.6
690322.94
645979.06
1595106.8
147965.11
