538827.94
605691.4
91378.56
274276.72
749797.6
680740.4
830941.94
143603.39
1641599.0
738331.94
1739031.0
542133.8
1714146.4
647662.56
898199.75
107137.875
2730943.8
980460.06
246586.16
243923.72
942953.8
1248148.4
400506.4
981299.9
998638.75
143262.84
113300.234
69658.484
1523269.2
413537.2
326457.84
2545604.0
171971.83
341571.0
532261.7
555619.4
459751.03
404566.16
2095055.0
307646.22
2324505.0
71564.3
266881.8
191182.05
1053425.4
1382885.4
719384.3
33819.8
136249.55
930249.0
25601.342
834749.56
320194.75
20654.31
13179730.0
20202.578
31890.344
91631.414
8177.764
7211.1733
