449226.62
7525187.5
510457.47
1244979.2
1025870.6
662764.8
1394834.8
863347.44
421616.3
490593.5
1404180.9
707553.44
3350722.5
22156.123
514340.38
350245.9
9687.949
1888605.6
562854.7
1784897.6
3002519.0
2019396.9
290746.22
477307.78
3093.7124
6789.5645
262023.89
1804100.6
1247386.0
333837.75
1753965.9
2090928.5
545889.75
89615.1
281765.7
98297.54
1593964.6
1487339.0
3174410.5
807823.75
695011.06
967114.5
755166.0
42709.24
128209.29
1034345.94
3095789.5
1089961.0
846790.25
218063.73
51867.49
3351551.0
228592.17
402549.0
37873.016
671875.0
2281234.5
360837.34
1448214.5
632003.7
229944.94
1624013.1
3144920.2
438460.34
1871591.8
591433.44
284535.16
19328.002
127849.84
2663137.5
671448.94
582845.4
2981942.5
340762.84
1322295.0
331032.34
375828.78
971642.0
950253.25
67000.484
1891164.8
412917.5
2607923.8
180151.73
1534400.4
4072340.2
1306955.2
963064.3
301862.44
694761.6
22841.463
12140.206
