217348.06
13326848.0
74026.86
34603.863
131107.97
1651065.1
570782.75
1201831.8
3175152.5
1854790.0
1196665.5
429536.4
390201.1
412979.03
360079.47
135514.31
202625.83
95237.76
533174.2
3379316.8
22470.783
24096.758
3581743.2
1050190.0
2831623.2
15983.796
55102.77
44097.26
46270.86
79008.6
1331658.9
82449.63
34042.96
14329.626
39388.52
64076.105
37310.66
38055.555
49522.867
1119496.4
144581.9
36413.152
32978.316
32069.697
110165.164
292491.75
149639.0
131112.78
23214.555
227356.95
179818.53
397126.97
47846.41
699784.25
228115.92
181419.84
46946.832
72120.77
205804.2
782789.4
1376211.8
208306.47
401307.38
695062.0
494931.12
215555.77
16777.852
92859.766
99542.27
34332.145
24460.727
16401.832
94473.67
66857.27
753746.75
110465.42
50312.242
63929.707
10112.511
59716.668
66992.336
58129.938
51505.33
61239.61
28789.408
42062.56
31310.205
28676.783
57070.484
32369.541
44068.086
61734.613
118405.89
182835.33
