1241740.5
148662.94
6992373.0
4784881.0
31224.195
333145.84
2185.6106
481645.44
192669.42
9529694.0
1046706.0
1358935.5
320986.7
1922088.8
4970099.0
5858751.0
21723.541
12834.303
13022.746
6579.1343
1687746.6
12994.007
94638.26
527669.56
66590.87
53678.637
71116.24
407798.44
1333469.1
299659.97
433604.9
368131.9
454583.34
456989.2
1126328.6
77078.51
30194.055
2544684.8
3131730.0
1035152.56
1705961.9
261735.31
1703769.0
1403401.5
376736.72
491703.44
3205219.2
1515421.0
3667560.0
2690353.8
776098.25
200068.3
595493.75
709717.4
334815.34
2650917.2
814522.4
752307.25
672462.5
1070812.1
1394404.4
948175.75
700651.7
4219470.0
1326039.5
1315054.9
1205860.0
2132619.0
3436161.0
646065.06
3052487.0
1487136.4
1779058.8
118691.39
605309.5
1062260.9
582802.25
529633.56
406702.44
1024908.6
1110242.8
779269.44
52233.71
49386.65
930580.3
1916475.1
1203482.8
1947666.9
2571773.5
1949862.2
3583211.8
550996.0
1291900.6
3577482.0
1052203.6
633199.7
318486.2
1918379.5
156261.38
1917085.8
1113490.5
1458496.5
165495.28
36726.52
156515.22
213886.75
1207709.6
974464.1
867596.56
1577479.0
3074316.5
377118.3
