366367.44
3743479.5
664009.25
1081379.9
1284966.1
683533.9
330329.62
4312359.0
386481.0
956220.25
377316.12
1424145.8
6667096.5
339898.56
2138159.8
731962.7
4538318.5
19807.973
1447746.4
1314048.2
6526220.0
18344.98
21254.225
8128.942
8652.652
10043.695
556282.9
1777334.9
2854605.8
1724171.4
574405.1
834410.4
798036.94
421801.66
1024890.75
1636264.9
4050752.8
1694468.8
3066088.5
915588.3
2417573.2
1011163.6
1314562.0
500296.06
1011951.9
3630817.5
1185531.9
1955738.5
1208539.8
723154.6
709404.2
1453706.8
5567549.5
3702972.0
300954.8
107900.305
82694.33
71191.734
1693412.9
174418.08
10945042.0
791594.0
322258.16
783414.9
16387.318
25862.912
