2311557.2
1155517.6
410628.44
2282161.0
3317827.5
174529.69
1943834.8
876605.44
741318.9
966512.44
214255.77
88795.03
778153.5
2559517.8
1319712.6
661016.44
911459.25
1962045.0
1785871.5
1364178.6
1278063.6
1232692.9
923945.2
1779863.0
443416.56
659323.94
1590217.0
3842180.8
318753.97
1403697.9
2779281.8
902879.06
2410170.8
2611003.8
1414251.1
249830.45
2196413.5
3049426.2
242964.36
3134584.0
112586.99
134661.05
2620243.5
95791.336
4657255.0
578324.4
483274.34
12633.217
4651.996
6463.8877
5916.141
592068.5
5848.894
892273.1
156291.05
28369.205
977.27216
464814.38
10364.827
4141.644
