1732667.1
2159020.5
2103225.5
1559838.0
918912.94
1162940.9
1344047.0
1456335.2
3752376.2
301795.12
2426394.5
1028632.5
563891.3
259475.28
322278.25
243044.34
903656.2
3166831.5
2835098.0
1458027.8
789794.6
38534.777
1668486.5
292953.9
765150.4
986754.2
446997.22
10448482.0
9259134.0
3159986.8
1181986.6
1211873.6
1411702.2
2658369.2
4219688.5
573685.6
4129215.5
3053602.0
1541820.4
137472.77
5586374.0
1725462.8
634139.9
942394.4
1430722.2
740874.8
874310.0
767971.0
168794.34
274914.44
1635023.4
715889.8
609033.2
1263657.4
148136.92
53164.387
7289289.5
884509.6
331512.03
146769.88
