3188136.2
87424.086
25879.156
290592.56
11734.053
440879.38
22663.477
156860.64
14081.732
1929486.9
77545.59
1444510.9
612502.4
15248.182
16108.32
466618.56
303409.94
15801.587
5559.915
51873.062
1535456.1
14153.185
13237.161
109888.94
1544062.5
82241.664
11440.024
15556.95
141115.3
233148.84
18418.508
15822.801
16070.499
1445569.9
26367.604
25982.176
9359.343
1573459.8
1927283.9
77064.555
10519085.0
66284.35
153466.17
42424.785
112614.23
193264.36
108547.58
58275.14
198580.42
48817.16
97642.1
34554.707
35398.523
22153.506
15022.5
23158.084
100058.055
134834.5
188123.7
152545.73
