148243.06
5602819.5
258993.02
444418.78
133496.02
196247.8
126337.99
1747465.4
3392608.2
202247.7
3273024.8
148243.06
476160.4
527844.06
3274973.0
700579.94
822927.94
500916.2
518429.62
376231.6
611940.06
1204113.9
151475.16
428128.4
505202.2
46058.223
764710.3
340769.2
831428.2
680160.44
1047707.5
577210.94
681819.0
970878.6
514499.97
209432.92
367392.44
440768.72
1156825.2
171332.47
922622.5
185472.8
805036.6
1053281.9
569994.56
919529.56
547097.44
162171.94
627843.94
200541.08
1248754.9
93960.17
270300.28
519192.22
2396912.2
1712784.0
1208596.9
152766.33
561197.56
645756.3
923432.0
1907169.2
158274.12
693307.5
395046.75
110294.91
92609.83
55844.55
584555.25
716867.25
1170814.4
1457681.1
557111.2
237522.62
590930.5
438296.7
425192.7
201332.28
868647.25
322837.0
3065.5798
5332.667
184106.05
265396.9
482097.62
80925.914
67670.56
79649.47
87964.02
111577.52
2139519.8
1501175.5
178446.77
255318.77
210051.48
3877682.2
49702.203
44901.758
66758.51
39374.49
23727.836
