69585.57
51378.918
3969174.5
1876250.1
1713614.6
2480813.0
1363338.6
668250.3
1862803.1
1123035.5
1640802.9
258945.16
1398391.6
97944.2
53185.395
15631.513
467267.78
5894978.5
242951.53
1117756.1
151785.02
2041462.0
48663.246
416685.12
233582.8
723630.7
2745319.5
1514799.9
825629.75
1295162.0
146100.05
1577330.5
52431.645
237123.55
591588.25
3259874.8
1587316.1
958441.06
459951.2
3707450.2
134815.6
799473.06
1206438.8
1372277.5
786116.7
449572.88
894221.75
91918.47
887116.6
46634.547
93265.46
68703.46
781904.9
1755373.4
95947.484
76308.016
5161386.5
317402.6
747269.06
1392158.1
72771.766
45916.484
48508.47
486106.16
424032.84
856600.4
491622.88
60148.242
709573.44
1822040.9
182327.77
6267143.0
194605.72
1037584.75
48399.8
112087.82
784793.4
2607686.0
742437.2
1665136.2
1516401.0
1493577.6
258347.12
174807.7
1680438.5
712079.75
882661.2
1767543.1
907918.9
1181506.4
984218.94
385970.38
786641.06
179711.69
2109387.2
424692.78
971082.06
418841.38
2451569.8
1685115.6
54104.77
3280802.8
83144.88
193480.22
62715.773
