20145.629
84239.23
4808.242
36573.957
2651.992
1657710.2
19391.047
2800693.8
823274.7
240250.05
552156.2
1206102.5
2705356.0
343052.66
1550289.9
2262633.8
1079198.8
634071.56
788137.56
435843.4
1111388.6
612883.3
59559.133
503647.28
1544156.4
2019787.2
1682013.4
1117270.1
298054.22
56932.203
11201.159
631948.06
97676.36
22619.094
117107.17
1144413.0
434644.8
1155724.0
3038597.8
409189.7
1139958.9
407967.62
593985.0
591852.0
449778.84
1420171.1
950030.0
475110.56
348023.44
1440889.1
705450.56
135979.67
62937.69
931255.7
1492982.0
1523176.5
421125.06
1029851.06
1736246.0
2830201.0
631075.1
893016.7
99944.4
414743.8
2354903.5
797937.4
392842.56
1521333.2
3277027.0
601509.75
258282.66
293373.38
491816.03
472255.75
567697.2
1906284.6
550266.06
110524.26
380531.62
729242.5
2452707.5
1659959.8
1247210.2
1084659.0
916890.8
1584902.5
1336520.4
666517.0
320294.44
586806.9
3351065.0
316320.8
1717946.0
364316.1
1355142.9
2070444.1
958346.1
337361.7
760791.9
344692.0
104571.6
1233004.0
2289496.8
950081.3
283031.5
6402024.0
426739.47
712820.75
3248702.2
59689.32
145013.61
58936.406
815112.7
1346239.0
1736655.0
31143.875
782003.56
132658.95
909354.75
1592546.2
