182622.72
1927169.8
706622.7
453469.06
1333347.2
1599770.2
203766.69
337458.28
988478.4
4218750.0
3067426.2
2731063.2
3209392.8
2026594.9
2009900.2
1844590.8
2298890.2
11374363.0
888776.1
4535440.5
799171.4
724598.1
3172702.2
1055219.5
334667.44
3183571.2
1730610.5
525503.5
1115997.1
184669.12
1608956.2
271996.22
2880225.2
679289.56
559472.75
781542.5
529871.5
1194338.8
319539.2
3431469.5
3175882.5
2189360.2
1671574.9
3223530.5
857632.6
1651988.2
798195.94
2479388.2
4303850.5
3506302.0
464597.1
582981.0
430674.72
1443649.8
4204830.0
804965.6
861647.75
203179.42
321994.56
176523.3
