981398.0
1432115.6
2699014.8
1187812.0
315766.7
534585.8
431465.38
478653.53
394365.2
424838.84
501189.34
527055.94
329365.06
2122790.5
910000.25
227763.0
325799.62
386039.38
469991.97
733314.5
1286108.4
701294.44
780729.5
2914198.8
563086.1
105931.98
1527265.9
272782.38
961378.94
1089351.4
1302041.6
1638546.6
1171467.8
1413625.6
2183409.2
2665714.0
602945.44
219132.52
312988.94
1503011.0
273944.4
991438.25
83595.94
426169.7
452089.97
265682.12
41978.008
1939772.5
95939.22
814689.0
24629.76
2745781.0
1058538.0
33260.64
2344335.8
1527017.6
288586.16
384229.94
338577.78
52110.27
61492.984
