246014.6
130436.71
4397002.0
169019.34
11375579.0
1048731.2
1597139.5
1354745.5
759860.4
1253983.4
756529.56
152189.2
1716707.6
883049.0
358687.7
352615.97
1496927.5
672214.94
223572.84
1749843.2
1246954.4
808948.75
223471.17
1399913.4
360958.88
438505.6
91959.19
256132.7
574000.9
202716.27
1839277.6
557349.9
38723.355
426177.06
1711332.0
463158.78
89726.836
308805.97
53037.97
106815.57
163709.73
2116868.8
510311.16
391114.2
141460.4
2699725.5
668319.25
1525350.9
1495059.2
411043.03
581531.06
346617.94
6342642.0
325285.94
579466.2
132726.19
871879.7
3764299.5
620712.5
309577.16
226073.34
241765.62
1584531.2
1595409.2
568890.75
177308.17
