7240.0903
1827418.8
652118.6
717344.7
393144.03
1940987.2
1762152.2
1121589.6
99848.266
939853.8
1290115.1
5966.6685
1351095.2
4624343.5
1564483.8
2599307.8
1114447.1
2909492.2
797070.3
895780.7
429250.38
839234.0
1994490.5
3013451.8
212571.73
1130650.6
3768975.2
6197245.5
1255886.4
984078.75
489276.7
750194.4
2106466.5
948254.94
736765.9
371666.56
524952.06
1618432.6
2428720.2
223398.0
706869.44
371038.88
2267093.0
6912.173
841846.94
209189.23
361412.78
1201559.6
218072.84
1960900.8
666600.06
1097744.1
196494.77
1599454.6
1970802.5
1947974.0
557345.06
1138677.8
2396249.2
171331.05
147478.1
743714.6
461883.12
378902.06
69571.875
7729.6074
34524.723
731580.0
886287.2
4286.4087
541.16644
11632250.0
5017.3364
5040.5146
203766.97
148243.06
