1332230.4
32202.191
3786865.2
70647.84
1355161.6
569809.7
2340661.2
781739.6
2162091.8
243558.69
1582676.2
15896.979
21404.623
2623646.8
702228.4
933071.4
293298.9
1087628.1
22555.934
25399.633
7260977.5
642251.5
716425.4
856712.4
521392.44
405265.22
953698.9
730726.75
517591.97
1689863.9
534666.8
951355.25
1954718.2
1046311.8
146346.53
316761.44
973583.8
265729.97
239820.02
77322.1
122492.37
16410.018
14776.303
5946380.5
633304.1
145810.77
614997.1
410574.88
574553.8
394341.8
379317.62
1044293.0
423696.6
30482.66
321817.84
536692.06
1375716.6
2836765.2
570487.4
321136.56
2542534.2
253732.53
797217.5
840860.6
605491.25
521723.44
315014.1
481024.25
165467.78
201668.88
618637.4
1180611.8
1122757.9
318568.78
239179.34
1207450.9
518710.12
1742567.4
154469.55
1087027.2
336591.5
811927.4
442111.16
40018.453
46812.74
41062.06
41199.742
38233.027
5766242.0
564815.2
504431.56
163558.94
10889.951
10814.2705
360053.56
177308.17
