22430.682
49194.44
47123.883
1713840.6
741514.44
219033.67
1289496.0
10500.938
641888.9
89589.23
333690.16
581528.06
505362.12
3518721.8
9197.332
627742.25
7872.058
1826576.9
202934.9
2604570.5
5079587.0
374541.78
688670.75
1968896.4
135928.25
3251183.5
1556983.1
977418.25
971800.56
21112.375
150119.62
914964.3
1245537.4
402065.5
955751.9
1404501.2
477526.4
2139765.8
144702.45
2138395.0
1869249.6
691283.2
743758.75
2197087.2
1201744.0
1690768.5
1758815.5
676355.5
483051.6
1216618.6
126770.96
886804.8
1114673.0
154102.52
2077240.0
1169504.1
648054.6
674.26697
1196527.6
703476.8
1141773.0
2657797.0
1786028.8
53002.406
46404.734
6987811.5
96614.92
20314.646
21017.533
21017.533
20989.137
