443482.1
846652.94
2087760.5
309859.22
562859.1
239033.45
2259082.2
388529.44
430026.22
2021327.9
2267641.2
177479.97
776779.56
418530.12
642437.0
900132.1
442250.75
920515.0
2173879.0
2921772.2
3463330.5
581987.56
1080103.4
1699139.8
415266.38
1331390.2
1309249.4
78856.82
2089503.4
742026.75
1731113.6
498164.16
670468.2
193502.39
630661.6
1185773.8
1659514.8
2453945.2
1424210.6
1514629.9
1563863.1
705181.3
1490426.4
2507352.2
1968058.9
480813.53
1599955.0
3012913.5
2690900.2
2101192.8
2968191.2
1532318.4
1741672.9
352703.44
2476354.5
1078831.1
1827073.6
1126496.1
3594980.2
2652251.2
1224084.5
75932.71
697641.7
648750.8
651461.4
6604491.5
1892919.5
1857723.4
62393.91
1977561.2
1786051.2
3330611.5
746353.5
778668.75
393471.0
3773502.2
1483884.1
135316.52
1889949.5
1177271.6
159786.22
588587.7
903552.25
591686.44
692657.56
66979.93
10973.751
11919.9795
14865.768
4219659.0
952521.3
462708.88
1500173.4
523890.97
8518680.0
5049.6665
4171.2324
2233.459
