6686336.5
36958.984
13035.917
20501.613
34315.527
28937.406
2723449.0
301786.72
824826.7
10234038.0
42047.785
545517.94
290771.94
2510850.5
798486.44
2901972.2
736141.56
3771448.2
927595.1
4007478.2
1265908.9
2158808.0
440646.22
1417897.1
4752583.5
1949187.1
2031642.9
2205165.8
3346390.8
2530757.2
1741580.4
449795.78
1052277.9
1404594.9
1696874.4
3806498.0
1820055.4
2107166.8
3706097.0
118934.734
243010.4
919301.5
991613.94
2415616.8
1896642.4
1114820.6
2802480.0
4141228.5
29057.225
18026.63
4608.947
18794.1
11525.369
3717315.8
1101474.1
476000.22
1734898.2
11379.006
84410.16
329958.53
