12373.513
21367.451
7063.9263
8856.85
17288.084
7956.963
32942.945
2600930.5
876396.4
1101303.5
174017.75
1211384.5
114899.305
1302762.5
155476.42
4013188.5
662396.25
717718.5
3919539.5
462074.4
448777.88
8587.721
1380999.6
454539.84
441625.44
304341.44
883706.75
51025.004
684571.75
1900769.8
1113531.0
49222.113
133051.16
478198.06
1531107.1
1571145.0
757424.56
122000.164
1335046.6
255553.97
1758094.1
1170994.9
139125.4
235374.19
397697.62
2409435.5
1313194.9
74672.65
741322.1
816915.06
26824.84
1173031.9
444208.5
13273.336
45105.945
2929.668
376067.72
298860.47
1284651.6
319408.75
190738.67
