384424.12
983740.4
2675007.0
500429.66
1363971.4
506956.84
1345588.1
174343.27
2163807.8
642123.25
2507613.8
839555.1
63596.16
2349923.5
2046579.6
175995.81
7637454.5
7414.9688
8117.8325
7861.2314
300249.66
49639.035
1468001.6
5641565.0
793.6411
8421.21
745389.4
5502.2783
2465929.2
58121.527
3163506.5
3796131.5
328889.2
1002829.4
2539988.0
64916.438
411681.34
1221122.8
297406.38
605557.56
1391447.0
42023.117
377305.6
1387199.2
442268.72
743183.3
1252727.0
237124.4
461580.53
1111141.5
743849.25
1894318.2
2407686.8
2649594.5
892252.25
383805.2
2645786.0
421297.62
496042.44
534887.25
