380341.75
275285.3
328592.8
1019509.44
682034.75
846507.7
1054068.4
226814.89
110024.49
136485.02
137489.42
931556.75
182509.55
448421.22
223833.89
145033.77
329171.62
79137.336
903340.0
249356.58
125884.6
393731.4
946314.4
26222.54
721732.3
955019.56
427850.1
142758.48
110356.27
1009437.5
498579.53
1004639.25
805221.8
607412.56
672569.9
642505.5
577259.3
2156054.2
728615.9
1178999.2
1225154.1
483905.1
269315.88
2897947.2
340034.66
4695278.5
2468443.5
1341964.5
1142959.4
299222.5
184402.02
451922.66
287223.5
174057.34
1815347.6
237450.05
717505.06
298054.0
426237.47
1377458.5
610421.1
1835986.1
104470.914
110993.71
929258.8
1243403.1
242158.52
106203.055
104937.055
261497.45
147583.16
525438.7
1624809.2
428242.06
494774.72
