4838653.0
350314.16
95936.16
407722.0
439909.78
362671.66
432396.28
552438.75
1207085.9
134784.83
426460.75
483193.06
283769.34
369166.2
607548.9
557132.9
488109.16
506754.25
201751.9
509189.3
309162.34
1362998.4
712279.75
1326727.8
1251135.0
453213.5
303901.47
758838.25
812115.2
607133.56
1384182.4
587352.6
813092.2
678298.25
219116.97
322208.38
604287.2
633162.9
541758.2
172367.8
834872.5
758061.4
760071.44
4103965.8
739274.1
403768.16
1030137.25
1209994.5
583636.7
114993.625
207687.36
1501308.2
165973.16
372252.2
1384758.6
133763.89
489070.34
31127.943
1121380.5
103927.03
625558.4
235999.64
1757783.9
257470.95
559021.5
221552.75
1288418.4
877617.5
609467.5
746311.06
1303451.9
752333.75
857328.06
915239.4
359465.4
943801.2
782339.75
545818.75
511564.75
196841.4
2145470.5
411853.28
447995.38
277457.22
1219295.2
55179.355
2240589.5
174507.17
70794.26
1373709.0
86580.99
1728495.4
84415.445
2146507.8
237722.97
747987.7
1115794.5
2790063.5
428196.38
302451.06
124357.82
1115639.0
953676.3
816851.25
1555232.8
728277.2
559395.0
349657.53
146271.9
505226.78
180766.44
