3862271.8
42073.73
4408.571
22363.832
11506.819
629475.56
4779137.5
2412866.2
1586636.0
1324485.6
1950674.2
115624.125
1207938.0
1811386.8
2583729.2
514644.5
1980674.9
740849.44
222942.22
678099.7
5203882.0
117109.06
289321.12
1220429.2
1616628.4
674437.2
777614.0
125884.9
8759293.0
207474.8
1708981.5
224078.33
826614.0
3680973.8
4682181.0
57411.84
565306.1
2000703.6
717170.75
1399161.2
3988316.0
1443770.9
1296633.2
502152.4
903355.44
1218724.0
1158205.0
964991.9
98424.336
4665031.5
146358.77
3351077.2
247273.8
157112.97
80957.336
79277.44
154156.62
62404.074
16338.293
942476.8
148243.06
