7404004.0
53865.34
34945.586
45728.277
92041.89
1292399.5
8159.963
16745.418
338327.97
2154022.8
1273042.2
1130532.4
1575117.2
2975263.8
172581.05
758965.44
583338.7
927599.7
1683570.4
286484.66
1114816.9
400632.88
11238.642
1832315.2
284146.22
1725072.1
619315.7
233992.89
692074.3
526027.7
220347.83
844042.94
1322101.2
1971691.8
351067.6
2494879.8
1687312.9
2727343.2
398967.47
296807.62
664219.5
647616.5
182344.53
3532727.2
1340438.9
435550.16
861418.0
92640.35
329242.97
779941.7
8780.133
6024.319
14827.783
9067.479
533158.1
216930.48
10156.282
195283.03
291931.6
13298.396
