7380257.0
477286.8
59005.09
77254.414
4059458.0
62735.96
1429568.8
1513522.0
2054600.4
1058842.9
15448.343
1342804.1
123170.31
2068.1638
1223038.9
15079.257
1144114.2
98286.836
367046.12
693435.9
1960164.4
20711.275
8444.719
12786.816
1250936.8
618438.9
36094.785
66992.805
2176995.2
2272725.5
2356434.0
1356205.8
285259.97
71544.984
386012.9
46434.64
9914.009
1960895.5
31107.326
110295.96
1015468.0
720445.25
617487.25
763673.2
441427.25
1025245.44
21752.45
6819.8784
609650.75
20192.348
951979.4
2059755.1
142210.11
161275.23
4613818.5
36064.48
1178057.4
56962.918
2094502.2
442993.3
1566236.4
23602.152
5708.82
1898622.9
40903.75
1627790.9
2219048.5
38014.387
2872129.2
1117140.6
49370.12
1263513.9
689264.2
25284.678
37636.08
3156.7466
2283.9373
14031.65
18843.383
5791729.0
43628.594
33681.594
5511.175
138105.95
148243.06
148243.06
