8313772.5
2436994.8
1014223.44
202403.75
139091.33
137706.73
53584.188
51947.473
49517.95
45314.312
148243.06
86836.945
150185.45
194364.92
160916.4
181202.36
159193.77
5367045.5
1925549.5
7263912.5
110376.86
81318.56
880902.8
409459.12
3238009.0
445315.06
9610011.0
351138.6
169219.64
11250902.0
672343.7
541123.9
433449.72
264437.84
161779.73
175305.23
1289755.5
638329.6
588327.5
23796.674
2685218.8
179463.14
142024.2
2312761.0
11370.34
2013004.1
174344.06
935897.25
407967.88
2534387.0
1473523.9
136988.38
358944.94
1013297.3
72158.03
2074427.6
1602939.1
1200060.4
1593766.0
135027.55
3259491.0
913707.2
359194.94
1049169.1
456715.44
164865.23
8277301.5
2671577.2
916065.94
6776616.5
3884482.0
600676.3
1333820.0
4062773.5
5479073.5
2279041.0
1151678.6
34951.71
6210830.0
110680.45
385071.03
1001592.56
632027.25
754885.2
537963.7
607031.9
616712.94
666964.0
548850.25
510785.72
331790.28
153077.34
415421.88
78411.914
122415.05
14503.138
24420.133
232392.02
1112054.6
154788.92
