368484.34
389567.53
254696.47
807320.4
95149.63
2395722.5
27074.34
3641108.5
1128694.2
119778.83
17072.795
514921.8
708923.3
560891.5
75760.336
45342.613
158028.08
9154108.0
11103.126
14328.314
12241.91
7264.7476
7241.0156
7263.754
49951.91
38522.01
30166.037
2484299.5
70927.69
15681.951
992831.75
99602.36
69884.484
770626.06
54559.234
9071.033
161775.25
143469.7
1040836.0
590015.1
791593.6
911793.6
59190.47
1658579.1
201447.92
267949.38
3630.1904
619837.5
345814.44
3964.7834
1060886.1
9289.889
67078.99
4168874.0
7701.863
2452043.2
1478423.9
31728.982
33058.426
18254.88
78666.61
170947.69
65458.727
1603653.5
11618.736
89242.76
1160437.8
1122806.5
1544691.5
1162763.8
3376744.2
178854.55
2312876.2
171091.69
475091.75
1553450.0
684052.56
16202.553
5703.1733
47814.62
3805750.5
29562.354
34552.18
28209.363
2994.9595
536436.56
195769.27
22191.176
45906.59
772355.75
656826.0
587268.5
584749.94
363384.06
412528.12
12062.534
52921.77
56178.28
72509.76
62354.504
2232944.5
467897.62
273159.8
390762.5
231739.72
324052.8
135046.75
265360.62
215325.11
344983.7
208776.53
2790292.8
