73593.164
726645.8
743856.1
2240493.8
1892480.2
217602.98
689410.0
185988.05
1489973.2
3130771.0
1609312.1
1331531.1
2662684.5
1110982.4
2432720.0
139484.17
2178518.8
1344047.8
4846851.5
1130402.4
1076450.9
2173659.5
2474113.5
3081782.0
2460213.0
1561788.4
707387.75
1340039.9
475658.75
2179027.0
3220730.2
86460.16
107811.055
1605920.9
2982473.2
274402.3
1948980.9
303559.56
1704492.1
1876775.8
3456493.2
7011339.5
1922397.4
41996.527
734842.7
1957246.5
965982.94
1089600.8
13421240.0
42631.316
1331304.1
775752.6
399831.0
430386.16
697993.1
8327.914
12329.385
9754.208
9749.992
2027207.6
1214312.8
13668.09
7358.4214
27911.676
10329.013
20937.018
19671.75
7009.74
110646.625
166669.94
33123.36
22176.904
