168975.16
106911.99
47286.016
941431.94
2577327.0
214913.02
240698.17
104521.39
68916.03
1212634.5
1352827.0
1097801.6
828906.9
1057619.8
498808.47
1406598.2
276257.12
1016400.2
1165712.2
214489.97
1418955.6
340808.66
127984.234
2663870.8
3170073.5
1616522.8
394818.25
1651517.4
242553.38
1122755.5
1259905.4
4172332.2
260206.77
2138663.5
690081.06
770721.4
1194088.1
518897.88
2021503.0
240592.64
5791512.5
1080696.5
1337357.0
55829.863
5791719.5
1665389.0
383858.94
656956.56
594382.0
154895.84
1854125.9
518325.75
940019.06
2537958.8
1314963.9
757340.9
292257.8
1343124.0
795011.9
881721.2
2573199.5
270716.78
1735967.9
2574920.8
2292882.8
726421.2
179972.39
244606.55
838422.5
506153.66
259652.53
357918.34
1809733.8
1123547.4
405366.72
752784.75
236078.08
719779.8
432109.62
264288.1
140600.44
672786.3
330446.25
130815.76
136002.61
48859.39
2280228.2
1264.7899
145617.11
891.37805
97730.164
2181479.2
13149.962
8945.628
12694.0625
5192.6855
4468.3877
