22283.004
27429.61
69612.88
79103.055
46363.516
78079.75
573611.9
73692.11
80558.484
133841.3
140276.02
46676.76
34705.67
84740.66
34315.805
46617.53
78225.43
32926.234
392128.0
104082.14
39129.555
68389.086
148244.27
146550.02
169764.77
127388.375
197507.25
145919.25
35578.875
464117.22
356770.2
211247.72
71473.67
40592.973
166355.69
80237.92
31240.889
422951.56
167317.97
408411.62
175578.14
269466.12
83919.93
117026.73
92610.484
53758.312
43713.42
133153.47
38660.168
21886.52
154863.16
214021.98
34543.137
71599.44
20323.447
159464.78
139536.16
34794.355
478961.6
786316.7
3366.8433
3702.3936
2997.6853
2897.3142
2902.7188
2805.6157
