9042862.0
109603.4
114778.64
237853.62
81045.54
769918.7
2648595.5
1284979.1
3141059.8
2099142.2
1828129.2
84308.89
8691.489
153270.94
1096732.0
2016684.6
3417376.2
1187369.1
3197861.8
1028335.94
187422.62
2315145.8
268941.25
242605.61
113459.375
22442.562
81433.79
786387.3
2775636.8
917312.25
3315303.5
273519.53
3533004.8
1894766.1
3065463.2
347996.9
1237226.6
756772.75
1116255.0
79317.56
1351843.0
409345.6
136327.88
185444.92
165275.64
42131.555
70576.086
72113.11
37786.473
48173.13
363926.72
157302.16
315296.97
248911.86
257653.14
127927.07
783259.75
1837211.6
101368.07
5060.3633
27737.107
145601.77
39719.785
80652.234
97846.664
54578.754
55501.844
88325.62
