47870.098
18512.451
18007.557
197303.77
268506.1
938050.0
241861.06
273481.4
488637.06
1161219.4
18138.045
18352.584
9923912.0
357573.03
22321.01
179443.75
403934.94
912255.5
1996810.0
6115354.0
290733.88
1291677.9
54351.074
4909072.0
45040.652
1292888.0
2181763.2
1555772.0
3898052.2
277660.53
122115.36
994980.44
527477.7
6365567.0
2392078.8
244077.98
94422.75
252307.7
1050195.0
2581315.2
184111.25
333067.03
71139.26
194587.2
181606.23
264991.97
1510634.1
2542901.0
4489786.0
1821753.2
22937.977
2477518.5
21781.635
153326.75
1048468.2
51354.48
53639.6
2150580.5
28288.285
5410.6694
13329.017
1730958.4
45591.453
3367767.5
1496328.9
1192118.8
358362.94
875595.0
9001297.0
336450.22
74300.22
1932634.9
484579.0
1136840.1
583937.1
2006589.6
123166.35
1464035.6
51259.543
23022.637
58945.98
940711.1
540129.9
1698567.8
254427.0
652226.9
51632.17
94648.484
41580.523
364281.1
1282884.2
1405426.2
38274.035
669825.9
827014.2
375144.25
1485347.0
299161.03
2641941.8
5019190.5
9946.313
1140769.5
291532.88
423098.9
18943.787
