3016.7769
4911.3433
3265.9321
248699.55
13305727.0
2025681.1
10646060.0
13620553.0
132030.48
186309.31
457728.56
697365.2
805620.3
988687.44
972619.75
167249.89
199797.25
474221.72
438974.78
472393.88
383536.1
208005.12
76226.63
87905.44
112305.68
157264.61
216482.5
700628.56
325167.16
891671.2
1589299.6
451676.38
1417856.4
2148280.8
1749385.1
2770964.8
2597910.5
15993353.0
375635.38
704407.25
998950.44
639984.4
10397603.0
2522946.2
784732.44
202809.5
1653006.8
2779883.8
688455.9
593708.44
691554.94
588295.3
507570.5
453904.6
381325.78
592193.7
2209477.0
223333.14
76283.08
34765.68
80936.49
9514.045
98465.336
146823.39
37369.133
438765.7
532297.7
