413872.12
1961767.4
205656.16
206801.03
996407.1
303108.25
555158.5
2266969.2
362885.72
563591.7
888379.0
520468.75
253383.33
1442081.0
899620.8
184754.7
1806727.1
2423480.0
897286.2
614329.94
1100550.5
685563.1
760890.4
1254052.4
1136563.2
1214004.6
2088441.1
2100893.2
336488.66
752923.3
227512.77
1571852.6
233707.77
8558323.0
1264442.4
2407330.0
679750.1
990420.75
2050132.5
303829.5
3560686.8
980375.06
576613.8
1410636.4
1926932.1
264530.1
413597.2
6501922.5
23258.81
28929.77
18260.44
1804423.0
22922.066
3747.3328
257105.02
545371.75
8249.755
8148.7627
7141.3604
6907.6553
7157.1636
8088.7417
2014294.5
