28875.582
28390.6
10466528.0
56222.438
23338.31
5091.632
1098230.1
60906.645
866495.44
4765956.5
1872034.0
1765762.1
374908.5
51863.258
39956.984
67700.05
55083.547
68233.59
844972.56
57961.074
7954.2876
7449.1353
2522614.5
101282.3
153847.7
169336.97
1151548.6
184275.38
716928.94
373565.34
155844.98
1086934.8
59477.59
31310.56
15726.796
102943.234
751574.5
3720459.5
3154109.2
1475855.9
77146.53
43966.52
67212.016
27687.803
133466.06
39415.02
2824692.2
393523.47
1237080.0
2122966.2
2203183.8
780613.4
5187.709
113930.914
24088.549
9010.459
53872.477
18918.564
1451857.0
7850.6455
2102624.5
326527.75
754603.3
1831137.0
120378.13
122852.414
463827.28
1032583.8
6094.349
5900.5347
5844.6567
1003157.6
