24897.604
309868.66
1043496.3
86540.81
22982.812
20936.914
76855.77
225226.89
318792.16
98682.99
1166686.9
46972.645
16632.617
32113.467
584570.8
82694.445
458018.9
20167.473
13619.256
36149.426
1184787.1
168487.94
16222.183
136052.7
740746.44
311658.2
84078.02
40050.145
13972.741
216835.81
232512.17
407452.47
99796.71
396481.4
214794.53
210843.8
853809.3
513425.5
73377.64
86423.95
109260.58
485017.16
31093.428
205243.58
1657237.5
101812.48
153105.95
57977.395
36203.664
164422.22
218300.52
360275.53
17255.404
8570.923
8002.632
7602.663
8521.863
8408.272
