119073.63
900560.56
805102.1
1727754.0
233003.6
1109001.8
55110.66
2490662.2
1525338.1
1222230.8
1008234.56
1154181.1
86697.945
5332030.0
503057.56
593040.3
2222461.5
109382.74
2049796.6
130694.836
1374223.2
1186144.8
677059.6
905220.3
1445512.8
1303281.1
685052.4
593053.06
4130924.0
2584254.2
2909091.2
661606.2
298698.06
1620449.5
4033035.5
1922490.0
95528.32
3680704.5
1726401.9
946558.7
4979670.0
968241.5
639759.44
5533484.0
649968.8
858171.5
1148839.5
357321.9
2339.7188
1092621.0
885281.94
1267276.1
3501276.2
815312.75
906104.2
586146.94
525504.6
554600.5
3131680.8
614542.94
436044.9
129343.15
1966676.5
1453615.1
1361587.1
2322716.5
642018.9
3454324.8
2189654.5
1031751.44
186442.0
1624321.1
764422.4
194030.48
1122601.2
981486.94
276946.25
239121.27
212582.14
277923.2
