2067876.4
1535505.2
829615.75
3485985.2
2732055.8
4861004.5
1819843.9
835434.94
7312112.5
1049830.2
1005523.3
2039584.5
2184014.5
2818336.2
1411808.1
4285501.5
249028.4
165505.42
92951.38
330261.12
480411.5
1514159.6
1634712.6
2348357.5
3381109.5
1562875.5
1744863.1
7492714.5
2699336.0
6024747.0
3685913.5
466032.62
869650.94
8612006.0
1254095.0
4597211.5
1974135.6
2497106.0
2988020.5
1615589.0
628454.6
1422184.2
1855694.9
964003.25
1306082.9
9628164.0
3987550.5
618943.44
5099429.5
1681036.6
1461677.9
1562052.4
4948644.0
3647908.5
381128.25
861875.94
616551.6
541414.3
9373045.0
876999.7
