33519.344
176279.02
11770970.0
13477307.0
4987842.0
893883.9
3801456.2
738168.0
960623.9
3835289.0
1381989.6
2938306.2
1231615.4
569442.0
67267.77
201960.84
219541.9
255066.22
262196.53
66960.7
225230.23
3303389.2
2894976.5
982120.25
1241268.0
268933.7
404913.22
394719.4
329697.78
2379684.8
236770.06
78313.74
422960.53
2114177.5
2969274.5
119499.734
212727.4
15145832.0
7765048.0
2317722.5
2025068.9
3867592.5
1161133.9
758713.7
2841989.0
1057507.8
3722342.5
3865634.2
331448.06
148886.48
63251.836
135180.9
108820.67
142394.27
268413.62
1747116.8
1704017.4
1209197.5
1272824.1
31377.555
332016.97
172768.38
242272.34
2313180.5
161698.0
116716.03
41804.387
419137.88
10395959.0
