1278669.0
2352126.5
485266.97
632525.8
5775042.5
912.19073
1950536.0
22953.201
778355.25
1051492.2
2228311.5
968959.1
1367297.2
2081508.4
486933.44
786816.7
165236.05
69739.27
177792.75
91010.42
718059.3
1400448.6
1349.1625
3260331.8
2175529.2
926347.94
155304.53
236504.62
1189663.1
328681.53
1565881.4
5121666.0
353962.28
520910.94
3110844.5
1868920.2
1684551.2
695000.4
971722.2
346167.7
4064107.5
579428.9
2472414.0
2324067.5
3379301.2
711947.0
4755661.0
1747583.2
666436.44
264987.44
1483081.8
3813422.8
732979.06
1051217.8
390184.56
921485.06
1224876.0
2897117.5
296278.44
1567558.5
2529178.0
133896.1
804598.8
2098225.5
5241502.0
714674.4
351521.38
370869.1
2966847.2
270344.03
1862146.1
3007127.2
9172738.0
727216.94
2080519.4
3493944.5
152814.67
3572091.5
4225716.0
884848.56
1296542.4
1834282.5
5740640.5
1378081.5
2445581.8
1147626.4
2389982.0
4549692.5
6069049.0
1241039.4
2745742.0
301857.28
3025789.2
3335012.8
2181342.0
2447160.5
3681548.5
3894940.8
486606.22
60747.57
253816.66
4021240.5
572693.44
1258925.1
440649.03
4182769.0
1163430.9
3383593.0
