7339691.0
1698.3518
3436.286
1511.4193
1862.6029
1493.3596
2171.1868
1571.526
2095.411
1535.0789
2234.2947
1394.3549
1992.2346
1407.3959
1693.6813
886.91486
1146.7345
3179.2544
1817.7803
1543.1873
5666.191
3899.4233
12979.844
12378.387
19469.396
5219.868
2041.5585
2427.0435
2948.5002
1761.6113
1111.6721
2044.9116
4433.8433
3546.016
4167.708
3986.4377
3488.8215
24225.527
4684.6577
3722.917
1700.6592
6002.6006
35463.48
9220.454
2419.7612
9428.598
9105.016
11101.752
7783.668
7110.8022
5799.053
2100.8918
15011.028
4406.885
2438.9941
5355.651
11706.416
15623.75
11674.309
6141.135
7337.599
15049.012
5804.199
16445.814
7252.855
6826.544
3934.1145
2162.0215
1343.0039
1980.0306
1367.1099
1719.4697
100607.82
217952.88
282495.2
110883.15
24259.098
22250.852
22265.12
23072.076
21402.162
22016.24
22016.24
22548.65
131193.88
127990.66
22412.922
20252.883
20229.29
20280.78
20307.025
20249.99
53430.668
