182374.56
182131.22
190305.36
122160.72
412958.4
179519.47
8592878.0
492796.4
1926431.8
456493.7
2088371.6
1808493.1
1054212.8
1165741.2
660423.9
1324194.5
957391.06
526203.2
1090348.0
1042720.4
342406.0
933075.06
2311893.0
3213939.8
2364863.0
1299327.0
1809764.4
1146673.6
1255764.4
750762.5
202793.14
961003.94
495329.6
935856.2
827397.3
922601.56
1064156.1
1311156.6
484681.5
737150.75
2465520.8
456005.0
1440895.9
1350328.6
1818439.5
949642.9
500846.6
989494.1
1670770.1
497333.44
735371.2
851282.1
183226.05
1456228.4
688608.0
1892037.8
2220671.0
1063315.5
2243609.8
1700125.9
2154273.0
320391.16
425974.78
2253262.5
312338.2
86373.164
1045887.56
180535.25
