1393369.0
397574.38
8751.31
453.72046
8008.102
1912.6757
5151948.0
88433.836
78873.58
584389.75
298055.16
313125.22
201175.3
80070.664
89899.055
559966.44
28768.86
21916.986
55086.57
95176.4
106185.93
107784.25
54794.547
85976.9
45453.062
82562.39
107876.32
12853200.0
758324.1
131749.5
89008.46
75063.19
39905.06
29144.68
119645.53
770034.9
206133.08
144786.25
41653.668
80471.26
28187.453
10591.885
19546.965
43688.39
28567.875
37548.54
67569.63
61306.145
9304.033
6799.6025
110743.87
1028974.7
35268.7
5659.5483
7170.86
6687.622
5495.6177
5332.5405
5332.5405
5330.841
5383.9707
5383.9707
5341.621
5301.654
5254.9385
5306.4604
5306.4604
