533865.0
322566.25
271374.0
405169.75
44563.332
17430.598
15799.317
513965.5
29648.14
36461.883
891689.0
59139.41
77240.03
22616.982
24370.912
6023.1924
7355.215
1624498.2
742175.25
95891.445
65822.86
56674.97
61841.855
1576780.2
111395.805
228510.27
234704.64
234009.23
1613049.8
466875.8
39884.348
97772.88
114776.65
2410937.0
696695.56
33030.047
609851.1
145407.11
62420.445
37861.2
544106.6
32064.04
6902.9673
6106.478
9632.578
3583319.8
533970.56
282958.0
112252.08
38412.137
15971.423
54137.668
18052.629
69080.484
119280.51
