447424.06
1298972.8
2563381.8
3507301.2
1801703.1
2295292.2
3307911.2
808907.2
2089193.1
1722561.0
483597.44
880187.5
4000571.5
433869.44
1949930.1
3406811.0
622717.6
564834.4
1030536.25
2494961.5
4970165.0
1836079.2
2985138.2
4212392.5
69901.73
1309270.5
9911416.0
2262937.8
1799461.6
1872556.5
1748381.0
2291476.0
1479984.5
845369.5
1389299.2
1976278.2
1372233.2
3643399.2
1518108.0
726252.25
1421995.1
1025564.4
1025706.2
2786999.2
1619156.6
1456896.4
8685498.0
7454068.5
1036776.0
766160.9
3302205.2
205540.28
32960.44
1178.9591
466369.97
409699.6
471046.72
8602.455
99972.23
231987.6
