9613.883
13956.871
3034.7454
2016.9987
11697.6
1242314.8
1284118.1
154077.34
1156509.2
2181901.5
1067803.6
367015.34
91065.266
675776.06
1007002.25
1631670.2
1384165.9
785834.2
1189298.0
1372293.5
2511102.8
2099.5054
1472634.1
187406.33
5312517.5
718419.5
3111583.8
1799768.8
3779790.0
378701.25
3450680.8
5279122.5
1730880.6
5214.809
3759.65
1660693.5
526651.3
7787569.0
211091.6
742772.06
4900732.0
1352709.6
2806628.2
1838498.0
4646919.0
538374.1
644870.94
1112225.0
54967.82
6338.871
3484154.5
7492.8354
358344.28
528397.8
1448344.1
594259.7
207866.03
7378984.5
891682.0
4298.556
