84867.98
790777.75
2774.6763
3468.8608
2424.8313
926971.75
140547.83
117524.64
6395.674
9788.172
909277.06
74436.69
102378.3
56626.664
32655.379
1281756.9
49749.484
102710.93
42054.44
66298.66
55631.316
40634.66
7036.2227
1656080.4
52556.184
2680432.2
16189.465
12461.519
4631.815
1505818.0
4671684.5
14499.402
473555.66
42964.703
48526.42
20961.305
862057.94
36080.22
45087.387
19904.455
17544.385
16888.826
6840.131
3032.263
9442.737
11104.37
1834.8568
3713.3916
2643.4658
3943.238
4093.9585
888921.3
303422.88
11811.847
466829.88
148243.06
