9421318.0
535664.44
350823.16
20915.367
533909.3
33626.105
27562.701
2993658.0
235374.4
121672.65
196457.4
65507.94
50346.02
1572099.6
799475.25
542860.6
914511.3
323771.97
356297.6
354708.94
516635.0
3686900.8
339213.7
347146.9
4998804.5
23794.146
19148.373
802631.0
1174434.0
306748.2
1278807.6
3813.7747
5328.547
1990710.8
8814.024
9811.186
1801820.9
267457.94
1197829.9
68495.02
10793.257
5306.3994
66321.74
55049.465
1686449.4
237493.42
162574.17
81787.836
65513.4
23899.727
16196.746
17474.455
19144.652
17513.062
26139.352
3103898.0
981730.7
565754.75
25216.473
1206117.6
184276.31
184972.66
