2133.4958
2674.2144
73464.36
504575.62
36807.555
1149040.9
713388.56
4302241.0
821928.6
31336.373
908117.5
1838419.9
3789.1492
2491.212
1061957.1
606313.44
2005530.1
1272479.2
22602.074
1057611.6
459170.4
49693.457
829562.06
1349735.9
251662.69
368558.62
1406227.5
2349617.8
554861.7
320620.2
3852605.0
130450.42
878463.06
705127.6
978839.4
77971.05
2280927.0
547810.8
656777.56
82546.63
129711.62
1621184.5
2649.3933
1526170.9
155803.86
106234.39
2025232.8
98490.51
131663.14
209851.42
591969.6
9225327.0
8351.251
9830.105
91542.8
18335.078
4682.2944
21410.748
2415.123
87106.875
75793.49
4490.4585
