339559.78
2161820.8
4456054.5
237244.75
1208436.0
2396840.8
562738.2
714640.94
3816538.0
2785307.8
2013020.0
1154343.9
131770.81
3114387.8
326899.75
3811819.0
4432190.5
1200032.2
671929.8
6002782.5
153262.14
1394000.8
1352898.2
1389686.1
1585605.6
716562.75
960098.2
636833.56
2624162.2
783280.9
1853597.9
449636.34
2002450.2
755513.3
714162.4
3907698.5
1511385.9
641022.75
691636.94
5214541.5
1607146.6
2289512.2
99478.38
592483.1
6224442.0
5376279.0
1987769.0
1465150.2
2146785.8
2727750.0
1421070.1
205642.38
4026310.2
382624.97
46045.453
32966.7
33802.344
33642.168
