6956064.5
97626.836
1892667.0
1375873.1
604307.25
1389100.0
809170.5
68310.49
812075.75
1879591.2
1212918.4
579828.3
323946.1
85536.91
358075.8
1451355.2
785776.1
1006765.0
1511638.2
1014940.44
747056.94
53691.297
625613.7
855769.3
508202.38
1001284.9
248308.95
1220886.5
879920.25
1655858.0
605195.06
3005941.8
1721899.1
1911706.5
2480787.8
1495114.1
1780908.1
3709152.0
359022.2
90088.48
179864.75
513533.56
607352.94
662256.0
299418.78
167391.5
1018578.1
1071532.1
794554.0
752743.56
426983.53
259427.9
644412.56
564980.5
1139488.8
3361192.5
533303.94
968686.94
975300.56
2577944.2
102432.34
142874.11
30536.936
3645.1404
