969792.3
3368948.5
3042592.0
1872675.6
176196.6
220000.47
266277.53
40208.17
127683.125
66845.8
89664.945
226878.73
64845.992
41992.88
80478.82
139236.36
121736.18
134105.3
115854.7
2257136.2
1905175.9
23909.04
17786.65
75084.8
82164.31
49792.69
351706.28
757119.75
948979.9
502387.22
2425774.8
193947.48
2069156.6
709331.3
633199.44
1008981.4
588021.44
348099.28
912657.0
7559474.5
2273592.5
344990.8
475198.47
1142074.4
2966954.8
237455.64
1923422.9
12989.681
14292.006
7559.506
6728.8555
5452.303
2282.6282
5235.317
1652.5732
74874.17
439640.88
268568.44
592947.8
6990201.0
6080174.0
5039.22
2504.1194
1034703.2
3489.0938
11105.791
90524.38
869.10706
1003276.2
148243.06
148243.06
