1358681.8
126376.984
49164.062
43550.305
2595602.0
30661.082
158118.23
167337.97
155996.55
549357.9
26284.611
246085.98
773924.7
13489.265
3304439.5
843163.2
1321001.5
19599.48
38591.406
733381.94
5026908.5
261062.38
106216.9
138520.0
1887229.2
37124.785
97720.77
73439.94
5696.8564
3686291.2
104876.42
710117.6
2554350.0
79229.38
104428.86
124209.445
943601.1
69672.44
192764.7
201132.05
62879.73
2723215.5
393969.16
422721.0
328382.44
3048025.2
204025.14
362589.72
1965392.2
1755191.4
2363549.2
299897.16
215774.92
252478.77
1756442.9
113364.78
1177526.0
24431.436
109530.06
30338.775
11145.263
131473.56
7312.652
68954.64
11340.567
393262.38
78930.92
30431.35
24526.117
7935.4897
