664279.25
178641.97
481579.38
192349.56
451343.94
321570.4
228043.78
3992859.0
789550.75
327036.3
71042.0
1223460.1
148243.06
148243.06
148243.06
148243.06
10402.63
7002672.0
94565.055
788149.9
129212.19
4694.496
6642.368
2350.9731
753936.75
7382829.0
123818.25
63045.902
3755271.0
46344.676
60872.566
514329.3
144041.23
7120714.5
7175971.5
480490.53
4913261.5
1982912.4
2107504.2
2903043.2
1361493.4
171200.11
174268.06
430449.22
1533766.0
5703521.5
1447989.5
6126451.0
294210.2
2586809.2
3218633.2
1451833.8
2473731.5
5290657.5
1189390.9
4052835.2
778016.8
2937325.8
1958564.2
193043.48
878119.7
31158.902
34870.95
991544.94
147274.69
726944.3
162122.69
526139.06
115462.82
314834.16
266547.88
385577.6
4741137.0
2949378.2
3125321.2
1439572.2
2836175.8
2770255.8
2279569.2
1067100.8
127712.875
30362.412
236084.42
502407.66
389812.53
209914.31
3256410.5
795951.56
430367.78
1474107.6
172961.4
6358473.5
111294.21
300880.2
19119.77
1989127.4
860615.1
342366.7
432160.72
183528.48
36134.11
1108893.5
537316.25
1814511.1
120963.5
