1960077.9
259943.69
2354398.0
1090047.2
751835.25
875390.8
879996.44
3348714.8
1564513.6
1246903.5
388387.62
1713189.6
462586.84
1409026.2
2168912.5
1669462.9
3369819.2
3382285.2
4389610.0
1946733.0
1645774.5
4603281.5
3889166.8
2576085.8
892132.25
8544915.0
102658.64
576849.7
294553.4
938327.6
56905.25
3212144.8
1521164.8
617884.25
387926.22
1807248.4
699083.1
1413707.9
246143.4
843035.1
1387528.0
706921.44
185073.47
1571795.0
13980.32
10620.187
303675.03
125653.44
797612.8
54827.664
151982.47
482435.8
48753.145
29516.674
52983.6
202426.19
35412.26
