64946.758
96924.25
1564311.2
2124805.5
509117.2
2063080.2
417857.16
3036367.5
232623.31
653040.56
1138159.4
729020.0
2075929.1
2405833.2
2563968.2
393249.6
1323921.9
127131.11
640572.7
1889171.5
1340138.1
2581277.5
849923.75
3883957.2
2009032.4
1037717.75
2414537.8
1207153.1
1203605.5
4544409.5
3483127.0
1764210.4
2015163.9
5888813.5
814169.94
1619422.4
1289242.4
1248546.5
1175952.1
903022.9
2477262.2
638654.56
1877009.6
1007018.3
556168.4
634329.8
1629603.9
714853.3
1308690.5
1855137.5
1728272.4
834480.5
1713031.2
1464509.2
1708553.5
832250.5
895674.5
1547629.1
785935.06
484435.7
1321016.5
887544.56
2973641.8
365893.38
874863.25
493051.47
431556.7
4855039.0
707639.8
21619.166
68227.35
102677.8
35504.707
23636.893
156781.75
1808689.1
7584123.5
2789743.8
1072023.5
2076898.4
3239867.0
1911182.8
2416605.5
2070376.0
2080690.5
281033.56
746818.7
52764.668
400852.16
59766.926
140213.42
