43870.297
1194562.0
376355.03
710978.1
858803.1
45566.125
685845.2
190148.25
367465.1
203273.3
1116696.9
111597.2
108135.88
1097033.9
181656.69
129043.695
116783.61
770889.75
1360518.9
1208091.9
226394.06
306743.8
550345.0
568387.8
414781.84
406644.66
2771677.2
1269177.4
1173002.1
351641.22
1722154.5
187681.31
696942.2
232934.05
293625.62
1403212.0
14499.57
1281561.5
25421.932
746073.06
385756.66
272898.06
111152.64
1534364.8
30414.783
256807.05
403888.75
44361.72
823059.75
342651.7
236346.56
2970.26
352601.94
947083.6
57797.98
9277.968
586538.94
63502.797
248122.27
1603824.6
170447.55
104526.31
649889.75
186050.61
5855726.0
296841.5
268205.66
16589.797
63605.953
541180.94
140232.77
299531.56
5997830.0
1202746.9
245173.12
677562.56
338654.88
948586.7
2315.9001
3105.7832
16338.576
476272.84
453463.78
2523820.5
313067.12
342853.47
298301.16
299520.1
557877.94
356285.2
