669656.2
214824.08
2573897.0
53946.85
680286.5
1260006.0
45347.05
127749.76
257390.81
645088.94
401495.25
1158902.2
36633.773
1374212.0
1217523.9
27249.057
641797.94
1330280.5
957447.3
1538349.2
555411.25
113372.49
991271.2
19934.975
509462.78
218371.16
497111.25
261485.88
411107.44
1034003.4
880208.0
5231.761
220828.4
1818738.8
228535.78
301932.7
61501.414
1516599.1
11095.383
296797.9
39957.355
1036587.4
482977.2
636904.75
18057.188
953154.94
44902.688
378557.7
1273291.6
198273.72
628554.06
62700.594
72413.586
66416.97
42143.938
1353999.5
3897051.5
1453754.0
1280378.4
528201.25
