117673.9
3757930.5
65607.76
294837.16
385399.3
479972.16
1658458.0
2513206.8
55922.566
977353.56
1637101.2
38513.117
542239.06
1197591.9
1351895.0
72407.55
77690.8
9257504.0
29812.137
137146.83
956745.9
813615.2
1022009.7
746701.9
200363.48
364664.06
226180.06
5935221.0
527276.2
1505213.0
723461.0
2139933.0
538748.0
84766.45
354854.53
4919547.0
25712.062
3346872.0
35093.348
390876.94
604459.3
4268112.5
36602.49
29081.584
11692.97
39785.75
20223.191
26294.459
40361.348
20369.943
30431.932
14959.484
46036.816
10893.736
32860.895
33517.676
22700.145
58976.637
39873.773
28784.621
120498.086
1596415.6
39482.875
36567.66
45837.445
32298.686
60678.406
22171.37
2086519.4
39295.54
2044043.4
113213.37
53594.535
628908.5
10332.08
2268759.8
750815.44
544688.75
306377.12
189541.97
777249.25
54017.348
364663.22
1855914.4
6469332.0
309004.84
122579.89
204661.66
6379178.5
219948.69
1859589.8
115568.23
177641.2
1909999.5
63545.383
52509.98
20075.832
