6287939.0
1401306.1
695550.06
639217.56
7150020.5
2506970.2
2691450.2
843809.1
454640.75
1019169.25
436329.8
915888.7
4329889.5
38402.78
599902.7
1388903.6
1859773.5
2968792.2
563516.7
1843854.1
2462692.2
7663690.5
2056747.2
674400.3
565584.6
7368161.0
1978390.9
114201.15
933256.1
197625.95
387284.25
341328.97
664381.9
652163.8
2693156.5
64608.918
4819075.5
73914.42
3809769.5
459589.4
812438.3
3108155.0
540303.06
4619129.0
2104262.8
2427956.2
1243005.6
33287.242
5165632.0
515669.1
2256988.2
566436.7
1947502.6
4796333.0
811411.0
869272.2
949012.7
571595.5
359167.0
593968.2
616286.4
2051062.9
8303.499
1023195.4
