91931.94
855550.5
7893.0967
1687.3657
3104.3748
1099999.9
359034.72
740887.8
36132.72
67903.04
1210584.2
44903.367
1449387.2
76464.12
34378.17
627956.1
144772.1
774562.6
535450.4
1990325.9
508975.4
912488.9
711236.8
1280892.2
2735507.8
107811.05
55723.88
1430780.1
1584430.9
455573.28
1415789.5
123223.36
1843136.1
1387446.8
1152063.4
1349183.5
4696191.0
3100523.2
1087171.9
1105982.5
686966.3
1476792.0
392875.25
1714764.4
62882.816
779361.6
46489.42
1674161.1
35412.32
362470.75
187452.97
3782220.5
