5685334.0
1597206.5
1564447.5
1161109.4
652362.44
1832109.0
955295.94
1187338.4
310673.97
28796.541
46701.176
134955.61
128195.98
178361.62
230007.94
129556.37
2286492.8
1555748.1
1395468.1
2359579.5
1558119.0
337894.97
448127.22
1092414.0
42074.55
17982.473
44879.066
9267.319
1722789.4
1769649.8
1414410.1
1250976.2
519088.38
398573.3
314814.66
220649.56
1849589.1
676605.44
295229.88
1316111.4
13403.813
1111728.1
658711.8
112394.88
882151.06
853573.94
1929.7528
22787.957
4878.254
843870.7
305987.62
570472.4
351952.75
172818.89
252934.97
284152.3
246334.34
1427246.1
6458.2646
1722795.1
462097.03
571914.2
263827.66
175222.84
357850.34
134460.53
1675677.2
1212261.9
1204698.8
1208252.8
1222335.0
322441.6
212764.69
3270316.2
1628972.4
22992.68
962916.1
142326.06
75398.97
503749.22
92812.09
94334.07
43638.14
26928.484
41089.727
4826.8394
2853469.8
29798.139
60257.543
86443.04
