9156365.0
1409008.1
202880.27
3309384.8
589599.75
30091.04
4108828.0
513600.5
1541998.6
2605904.2
2093697.4
264135.66
15121740.0
181578.52
1202505.1
243239.2
42701.473
1617821.6
381055.8
523491.84
2273858.0
1981978.9
574660.25
2343342.0
259750.28
1498329.9
1757238.8
1698929.4
4650890.5
1412108.0
2825546.2
1590762.6
855268.5
596139.75
2072636.5
907507.75
2278337.5
3851213.8
302874.56
943140.1
1270896.4
3214133.0
7239333.5
1761306.5
2110483.2
2771420.8
2364257.2
5291103.0
1486263.5
3638189.8
841796.7
1231689.4
299883.94
650489.25
4283398.0
426236.0
531140.5
137551.64
521189.1
142769.05
829581.9
