890118.3
242537.9
1657766.2
9775771.0
352010.06
6721334.5
89545.64
102656.945
3431333.2
160427.8
160512.27
4524772.0
326769.84
1684570.6
152653.86
971571.56
293931.72
552962.8
645495.94
528344.44
70008.39
32411.852
272870.88
1022511.5
194128.11
214197.61
442991.12
1134747.8
195658.3
1763941.8
1491386.6
1746984.9
39245.582
30150.432
231606.38
1155434.0
1224314.6
351720.22
9020.848
16004.144
42222.65
8787.046
7506.8306
226510.83
872857.44
2491.2737
78119.96
31035.068
56073.363
4746727.0
84535.87
18790.244
6491.451
5684.024
397617.44
6522099.0
418527.97
751469.4
1111087.1
636899.7
516645.78
193314.06
555192.6
3157084.8
1110254.4
540351.9
836686.44
270371.56
1755119.8
3454728.8
2310228.5
1063905.6
207571.5
845883.44
14329.128
