5942357.5
2047995.8
123643.234
1299905.9
1726754.5
6017117.5
695591.06
3034547.2
1746217.6
1776627.9
3317595.2
869432.06
916460.9
503434.28
732283.75
722446.5
325749.0
254449.44
952081.7
2272253.8
3829564.2
1382215.0
1330421.9
1924359.1
383478.9
2571858.8
6166756.5
2302298.5
493226.44
5389331.0
59592.258
1322205.4
4665623.5
166394.02
1278125.4
549056.6
1058306.5
710695.4
1150422.9
1225905.2
1505775.2
1772032.5
1160436.5
1182024.0
5603247.5
531798.0
1808584.1
794879.56
1699748.4
135527.56
1246369.9
184700.98
112279.21
84949.32
2978521.8
1981471.4
315066.47
7198957.0
1747248.8
924246.5
19064.488
9655.358
9676.051
9690.784
9689.698
9659.49
9690.99
9623.801
9678.182
9677.005
