330579.2
332385.22
1378503.0
324561.62
115376.164
120698.01
1389169.1
1745557.1
2876262.0
1403990.2
288368.47
483560.66
1841265.5
1040506.5
26916.184
2931662.8
876617.4
1616537.6
997251.06
465388.12
1040148.7
396495.3
1437011.0
291580.1
929991.2
1684376.6
1579194.8
2307693.0
2716592.5
895982.0
1262360.2
345308.7
2510590.0
319618.94
1389763.0
724588.75
1492337.0
467328.6
297844.28
1253658.2
631589.0
233749.8
2409897.2
1772527.4
292433.66
1488608.2
2405751.8
1741927.0
1889045.5
238093.5
206059.53
1007426.6
1980523.1
1996962.0
617918.75
1406553.5
2497041.5
304551.1
612996.1
797108.06
1132957.8
188669.48
964145.1
52273.59
24299.273
8501.921
6026.0366
17142.123
5872.106
17213.666
556828.0
447953.25
