3499.5928
477641.62
549099.5
352693.12
1989891.1
303928.7
553200.9
1386793.1
598135.0
1747324.2
2709606.5
151852.14
101953.98
1468938.0
1956350.9
168095.88
2004941.2
89398.55
75942.945
5615920.5
1377551.0
1122321.4
809137.4
50087.824
60283.03
5342883.5
232604.8
259507.81
31981.033
55633.934
199628.62
751208.9
78070.71
246726.8
177346.94
789681.8
743539.25
1803080.4
2042753.1
320386.25
3408002.0
154367.44
4380304.0
178326.17
808247.25
637197.56
979610.6
675875.06
919999.94
2650027.5
4196472.5
1179016.4
177380.78
1955501.4
1837505.0
1018499.06
4297828.5
706612.56
914291.75
770689.56
630174.5
1310895.4
1987610.2
1227884.8
508279.53
796997.9
1728238.9
1038036.7
207415.48
1597269.9
243116.77
516210.25
1169941.4
1531696.6
1994637.2
1813080.8
745715.8
410214.47
1969290.1
376892.7
863753.1
414660.25
1367197.0
2495844.5
611872.94
1203684.9
894890.3
2295639.8
1892123.1
414200.66
3081374.5
930152.94
528326.2
1333776.2
660992.7
519132.88
800554.0
1849341.4
2524785.2
1528920.0
89736.125
1259105.6
784691.06
279675.34
441829.03
229572.8
2117617.5
735810.25
1206130.4
76042.41
5821.221
58850.656
1530288.2
2744086.8
906954.6
234704.48
1257187.4
2783838.8
519984.2
1554710.5
