37155.734
1830160.0
4138969.2
781156.7
2262600.2
723859.0
859213.0
88556.11
538324.25
486306.06
596358.4
289385.06
643548.7
487212.06
483847.97
1497748.6
224730.36
1658979.8
231672.83
512150.34
215520.34
163995.4
509377.3
884411.25
68231.164
698827.44
669471.06
110816.734
452424.28
947754.25
1087756.6
232118.4
149634.19
300223.22
472998.78
1872956.9
1752573.2
1111869.4
1513047.8
1677145.1
138465.05
279713.06
326030.25
517484.47
664712.9
425195.84
2791693.2
1277805.1
212199.77
738206.56
420020.38
495666.75
1004054.75
175827.89
959610.7
682878.06
398723.47
494104.34
446725.62
91835.1
446442.28
91995.62
442532.28
1580812.8
712717.3
444841.94
402377.53
314568.25
50596.664
1132420.6
