124250.92
79247.36
370698.8
473421.38
2626454.0
734023.75
1447761.0
1847532.5
1435274.5
966158.94
524618.4
23398.834
29661.725
1976051.9
1290922.1
3818888.5
144890.25
691921.44
997381.44
1062839.1
1572493.4
1119384.6
357799.38
1142221.8
719889.75
2378461.2
122297.97
2021688.6
1519258.1
649100.94
224289.95
1305413.5
509633.78
84416.31
1196294.2
633079.25
284505.12
1712734.2
1001978.7
664866.4
130274.68
15264.381
5338.4453
3309662.8
1848544.1
644389.4
34218.05
1016605.5
1536526.1
556000.5
3872276.5
237585.47
3024752.8
1593544.2
181739.77
95198.18
2698659.5
73616.25
4267752.0
64165.96
24270.275
40256.582
30907.197
2518510.5
130067.36
159819.88
62215.688
1867646.0
5344832.5
1989367.8
5487647.5
10737.264
2447478.8
3128218.8
47811.91
141580.4
203191.8
138202.16
341471.78
535239.9
3051913.8
17901.8
354989.62
151202.48
148243.06
148243.06
