15542518.0
744373.0
1246265.5
2018651.5
2759527.2
2035209.0
2508102.0
1645531.6
1116814.8
782951.94
394285.0
3221002.2
2502495.2
549362.7
1781476.2
3540984.8
3775910.5
4132172.0
3590169.0
1300196.8
1863265.9
3757652.5
86562.81
2378895.5
290014.94
460782.1
2137259.2
104078.23
80392.43
350888.56
4706104.5
2233135.8
3045471.0
3745631.0
451957.0
780590.5
658236.75
5240174.5
68971.78
2244866.5
77752.32
2015874.5
1261474.8
100597.625
282004.12
1757325.5
389230.28
328406.38
3444050.0
1561889.0
419254.78
177769.95
1761868.4
1312133.5
264368.53
28058.084
118543.33
36099.266
43333.637
480224.6
3492717.2
