131782.02
496106.62
796843.7
969084.1
331277.34
2714701.8
598761.0
140029.58
43994.93
2515526.5
3405811.8
437414.7
1037517.44
1018972.9
100308.086
725063.75
451068.38
968883.4
208025.19
59063.582
399262.34
3285905.5
1962244.9
3277974.0
1198.5472
1625596.4
2022493.2
1324052.5
1800465.0
1037891.9
1429175.8
194876.67
4012523.2
1113255.8
582446.5
2102376.5
751765.4
158168.61
1499729.0
96210.52
389491.38
19272.05
12166.474
5574821.0
142358.23
150762.02
16871.98
9926539.0
154656.61
1475688.9
1583082.4
2235765.5
127512.484
2816310.2
1714471.4
1738059.9
2789211.5
5255.7114
7387668.5
67425.805
338947.53
15289.89
13489.186
13635.565
13228.101
13228.101
13228.101
13228.101
13228.101
13228.101
