212406.98
133442.89
62887.367
127535.12
97116.12
107338.086
94530.09
411258.88
9030201.0
46535.3
53832.805
97277.96
68491.15
35594.145
195161.67
219581.5
94568.51
29080.336
32513.725
229104.72
142998.94
158731.12
90106.77
51383.61
263089.88
1245268.2
279712.25
175155.83
1116690.5
1304514.0
784381.4
112668.39
3708484.0
182087.11
1473487.5
1904983.0
2857404.2
880053.1
233443.55
364569.62
80759.96
1068840.6
591484.8
747203.06
453241.53
638722.56
1345797.6
6523.502
999439.5
1601810.5
4013.1035
1391767.8
1728675.1
932797.0
438993.62
1648258.6
926105.0
298281.84
361335.38
270533.5
592910.8
157537.69
5232.2983
78796.664
211862.61
564295.2
2092696.9
9752372.0
264470.5
29487.994
27695.87
327495.03
10707463.0
7629913.5
2267375.8
31012.111
30306.941
83381.51
621337.8
