283617.03
285625.7
69632.625
1406988.1
1266065.1
1327360.6
1737145.5
704825.6
383891.06
655228.7
2108488.2
560307.56
250163.44
1526843.9
663423.7
44462.06
1567733.5
4864726.0
1204050.0
445856.6
1647147.4
25525.162
1432717.2
409236.88
2820433.8
555407.94
932517.2
733572.4
1485338.5
239362.62
2203041.0
3002583.2
1525882.9
742786.25
479382.38
439291.53
151506.86
2206617.8
1869494.2
342281.28
161745.83
824066.4
184643.42
3243542.0
1562951.5
2206577.2
1474579.6
1275327.0
1366411.6
70525.47
1224373.2
1275800.4
1120497.8
1433220.6
422521.66
112493.85
1815651.9
13361.436
994613.56
63817.85
