153942.44
411927.0
397847.9
1389211.9
2515000.2
1097546.5
2312203.8
1081659.1
52603.598
1125086.0
766606.75
5790.0537
4718.7793
1422358.8
791472.1
1322509.1
247812.98
471633.12
1080066.4
2447209.5
243105.81
42390.72
1761569.1
4608005.5
520361.7
3209732.8
942053.75
1498640.8
1973157.1
1365350.0
1845858.2
9312.402
3047415.8
1013993.9
2951438.8
4315259.5
306965.03
357159.97
4300410.0
372706.62
7357139.0
612339.44
295595.94
2512272.5
512791.1
2626742.8
123071.914
3363596.0
690405.56
4017999.5
2335663.0
32051.924
43989.504
485810.97
9456103.0
3509.0889
132143.23
49835.59
43327.934
23146.16
