47003.297
488209.8
589648.1
2423485.0
323275.56
1854346.4
661303.7
374572.62
5400022.5
1819907.2
243615.56
209338.89
1789235.8
203074.69
146964.77
2078278.9
3199853.8
75460.69
528329.9
711044.3
5114.6743
493723.4
307572.16
166021.78
58194.445
37842.36
5739.5557
5956.9497
432599.6
4526.107
16495.635
121500.38
10293.057
222235.7
11930.675
70851.53
3629.202
7882.8496
799360.3
8735.709
21529.105
176406.03
516814.28
65723.8
77148.48
47529.777
60836.973
183873.19
3269742.0
37914.49
60144.49
1667029.8
159553.23
2242814.0
19208.066
296664.62
18248.494
191284.3
22023.719
28774.732
21842.145
21843.738
21891.125
21841.637
