355974.88
138278.98
701088.2
491808.75
233683.8
464976.72
571207.4
610831.56
591772.3
829519.8
41847.094
62001.18
179340.16
228907.22
102284.56
161134.64
100897.57
38525.934
382620.0
237034.12
62616.312
598554.6
200365.95
216002.55
337627.16
131499.22
130932.99
178973.61
155769.89
404590.2
369851.2
165363.66
293751.34
189127.36
208277.31
127649.56
233073.3
160089.72
1150889.4
489131.75
332665.0
62105.746
259278.44
391257.88
163650.25
722003.5
75312.21
379650.5
402063.03
301238.3
560428.5
970584.1
91739.4
245532.56
740411.8
331010.0
311941.1
1818074.1
303911.6
562347.6
105029.44
64282.266
