6959483.0
22625.52
52504.39
64587.11
18124.852
63898.566
1853936.2
3654608.8
1053975.0
42384.535
472707.72
32107.723
2023462.4
128733.31
80660.87
3538348.8
6094.9424
21320.174
6300.122
4030.3098
1398007.4
113902.34
583472.44
277426.16
44001.668
73661.234
985426.25
5713805.0
180653.62
1229526.1
874250.94
574134.3
741272.4
980416.1
1325842.5
1227062.8
2409132.0
1627494.6
370225.72
1189533.4
2789142.8
11065.9
5691860.0
6396412.0
478525.12
2607124.0
725619.75
158953.7
8770281.0
982121.6
473833.5
565391.94
136279.7
58119.414
4563064.5
1117196.0
157001.14
31580.111
58521.69
723203.56
17320.408
19912.79
24408.82
19897.771
6874.773
9405.088
5480.488
1881.0408
