9249859.0
1130824.1
1075005.1
269081.12
2218927.0
503090.28
1325319.9
1854487.0
1038094.94
560887.06
239514.16
4970688.5
593473.8
245783.11
250533.75
109513.54
1454108.0
1126063.4
886700.5
233363.81
917527.7
391419.16
672124.8
465734.0
1043905.44
220124.33
286228.22
1365060.5
828878.5
1075805.8
631377.06
51031.203
1867896.1
808389.0
385897.7
843220.5
711220.56
749573.8
870116.75
2038638.6
161618.47
362585.47
1385574.0
692885.56
501669.2
130875.414
1351225.2
707871.5
1287262.2
1111634.8
367317.62
1132179.9
728335.8
1772856.4
1085799.1
76172.03
611590.2
453805.56
274736.44
145217.44
169521.23
