3032653.0
1467193.0
854053.56
10552110.0
207811.56
5962242.5
375888.94
5808438.5
1421204.4
2674138.5
716991.8
388702.9
2122841.2
2024452.1
3586096.0
423182.22
1466954.8
5908.3447
1344054.8
380378.22
1133957.1
4839078.5
2507082.8
184085.61
2556984.2
570905.8
36417.734
3034997.5
638048.4
682109.2
7559189.0
946853.8
2011900.4
3044378.8
681029.06
976939.56
357652.06
935466.7
3761126.2
503632.53
1655995.0
1116208.1
1423663.2
4527627.5
1875006.1
521848.12
1170109.5
921758.9
919873.8
3866366.0
2081242.1
5372999.0
1873422.5
1086726.9
475326.4
1870897.2
6307950.0
1199976.8
1319513.1
501291.12
1364798.5
6944953.0
423077.47
212832.44
1863.2195
528631.6
347166.06
308010.9
27195.785
436499.8
287691.7
89677.16
4402.7886
1124.7582
12507.79
4291.9043
19818.107
6197.724
6587.812
93796.27
56534.258
1165.8737
