10398157.0
232135.31
12404.581
12865.2
11784.117
9413.575
9330915.0
200655.67
91917.65
80704.66
100379.945
153472.88
138327.92
304660.12
40195.85
697250.0
10593386.0
336344.47
3335091.0
1606611.0
707282.0
3285694.2
242425.47
865851.1
1534724.5
4959911.0
617803.75
446769.44
1746811.8
1257936.8
208724.56
12088532.0
657432.1
321344.06
20677.3
37766.98
132557.97
737425.9
71176.93
365042.47
349185.0
352370.84
107952.93
184992.6
1695603.4
6234473.5
1904880.9
26759.934
21799.51
24038.682
18207.203
24498.854
21772.787
21610.229
14866.948
18402.988
21208.719
25029.82
18785.402
20653.887
131838.28
177308.17
