152288.66
1344022.5
125566.59
861211.1
147972.67
35413.207
1146079.9
114513.96
2568812.8
26790.904
44995.848
539159.0
74575.516
787827.25
135225.75
1346206.1
98979.27
192535.11
431868.4
161177.75
314948.53
242013.47
167214.53
71637.42
434977.9
96805.3
113751.71
220351.6
72634.81
209816.42
312491.66
1673985.1
949233.56
77033.45
52783.12
365466.38
40747.266
199070.62
665187.06
297862.6
2027321.1
819538.0
217530.52
139054.5
214078.95
24711.74
184996.03
691982.2
1129342.0
398658.38
532675.9
1397472.9
245270.06
1180195.6
61888.258
828544.56
391156.6
835163.44
2015216.4
447638.5
351049.8
645763.3
1370679.8
48228.496
165250.58
175504.36
76424.586
446317.16
374163.4
852693.44
542941.8
2572813.0
686140.3
1497352.9
769062.06
522785.44
443963.8
37279.75
932695.8
