1783883.1
3606082.8
1035650.75
8622370.0
2598562.5
5798.112
4811.81
1255705.4
754643.2
4137565.8
485647.1
2370206.2
3334335.0
307471.12
882330.9
1982299.0
2781602.2
797110.7
5120568.5
1258963.9
547952.6
3701356.2
2142835.5
3034188.5
298757.06
495249.97
470133.44
3334125.8
1340681.5
1219110.6
897342.56
460637.03
899819.44
3522032.5
1203286.8
967706.2
295318.56
1802842.1
263987.9
4398923.5
586363.5
2803566.0
5789072.0
1941174.0
2403522.8
817730.5
428650.56
2421528.8
1600373.9
1102926.8
3413122.5
30535.78
46911.797
2254624.8
2425557.8
368708.75
317886.25
1727264.8
288347.75
56888.63
704860.94
15805.244
943149.25
1150929.1
3161.369
5621.865
4142619.5
279871.5
