2174023.0
1137303.0
1056805.1
125191.59
244766.44
1668228.1
714907.4
352146.53
505942.0
817671.7
67071.52
105904.46
6556.0635
6373.266
5738.305
2140582.0
13351.996
8083.8076
23117.31
19173.379
996610.3
4772.9277
7725.7085
302312.44
10394.358
10256.715
220158.72
15247.149
11473.924
1677805.0
586848.25
3198880.0
159402.72
109152.9
443395.06
278685.12
2574285.5
136947.97
1244326.4
1449504.2
1895697.6
427228.16
308559.44
979302.44
200381.08
385515.72
520615.66
399310.72
1091140.6
970965.1
190625.34
369388.2
875071.3
1404482.9
596150.2
144449.89
473054.78
152613.22
847466.0
261622.08
505770.22
161089.7
119525.625
224241.0
745931.1
445205.34
1734250.5
294330.66
239802.11
346567.16
484364.22
757890.56
408987.62
340949.56
169266.55
441015.56
595322.5
378849.03
730335.94
437484.97
476585.88
489697.7
340815.38
804447.7
267834.03
394922.12
437770.9
119327.86
862605.7
136838.2
165585.61
695830.56
735519.56
512547.16
263029.47
293008.06
904771.4
95989.94
415032.25
275695.1
701795.2
362306.6
391222.62
3169632.8
348015.75
442391.94
1337067.1
831785.2
1179801.5
198682.64
647124.1
1209905.5
3056794.5
677624.5
120177.88
1027518.8
495536.06
