89993.76
3741697.2
322750.88
1598946.9
1944666.0
1442278.6
3837819.2
2958788.0
803681.6
10755766.0
2507373.8
1619658.8
4116728.5
836636.2
389270.8
4969714.0
2250902.2
244086.62
4652818.0
819094.9
1691223.8
3446102.8
1139056.9
768046.0
6558923.0
3299815.5
2403606.8
1989254.9
1094256.8
7417933.5
683402.75
400222.88
2908982.8
4813782.0
380782.84
2000401.2
1641877.8
1140360.1
858851.2
589035.8
1282629.5
1820441.5
212550.27
195011.0
159750.38
3666969.2
1477358.0
3066093.2
11113414.0
52476.977
4253126.0
613358.7
2361593.0
3732148.8
304370.28
245732.14
38862.29
109272.96
199886.55
56713.547
