114943.29
20638.26
1109356.8
3125420.5
602411.4
718105.6
787846.0
2237671.2
499076.4
2598465.5
2333504.5
715251.2
186945.17
1543302.2
2696587.8
862220.4
6187712.0
4567439.5
1230992.5
389183.06
956645.56
210926.78
201391.73
206593.0
855199.25
415192.25
126732.945
5133168.0
492050.97
3826111.5
44846.934
1124908.2
1960575.1
168045.11
57482.617
3091812.8
727281.94
546991.5
28173.441
24229.61
279261.44
89823.61
86463.195
1355371.1
673475.25
324814.1
130588.93
1221231.2
30798.596
854791.56
232610.75
4453641.0
3681755.0
3370359.5
1020485.1
705966.1
2332605.8
109036.52
3303159.0
941607.0
772701.2
41761.99
2291147.5
1033032.75
310356.66
255003.3
555800.56
337016.9
1239137.4
2904775.0
151353.73
65135.117
203151.77
1408054.1
2734398.2
1833247.6
3316159.2
19226.547
14823.461
3702673.5
698933.44
303332.6
751729.0
3308071.2
278115.25
159391.72
117026.29
382028.8
71605.55
10535.0625
