5806156.5
55131.18
2274582.5
678972.1
403604.47
1121263.2
60317.496
1193620.8
782000.4
97264.49
2626969.5
629.4041
3546627.2
116829.47
3834.1746
3108120.5
7561.5215
72607.695
4983842.0
1318234.0
324773.53
1043482.1
410951.28
560594.1
42912.125
18255.291
2034555.4
38557.98
2447613.2
544702.4
10226.973
1401761.4
3522981.8
105917.79
2307656.2
7002.774
40693.145
435422.56
3170396.8
154617.72
408066.34
1559137.9
14141.336
1105483.1
1274697.8
3426043.5
4770.87
260466.36
28592.998
4698653.0
7243.7285
5668.6934
157552.02
2568563.5
3651014.8
1613801.9
4624554.5
476420.38
6952.575
2315110.2
16474.242
168395.47
29218.744
133119.42
