8404859.0
4407216.5
1518288.6
2302832.8
3416965.0
927912.1
815985.44
527209.06
487383.75
241857.67
86114.25
35412.8
30822.951
386544.7
168526.08
1264658.0
4589552.0
297311.97
1873871.0
763306.0
671220.8
4016909.0
853891.2
1901893.5
614917.06
1903658.2
1074730.2
2061599.9
570018.25
368157.88
1648350.1
1227141.1
2489972.2
1729306.2
503336.44
4138358.8
501898.88
1157599.5
397983.53
2011132.5
285175.12
3597881.8
1408875.4
1246216.5
1518521.0
1742530.2
636468.75
5310240.0
1097415.5
759399.5
1107927.8
2677366.8
990580.5
1208556.9
2584933.2
1518570.8
5399993.5
2828277.2
2571087.2
234274.33
718529.6
1849128.5
595085.75
2623415.8
232872.27
490227.38
2603138.0
1519033.1
1574424.5
868351.44
210791.88
2490757.8
94529.1
782135.5
5080810.5
588728.3
2885603.0
919211.5
1152784.2
398604.16
932227.1
677968.25
1300480.5
1796788.4
380222.62
6416686.5
809762.94
631538.9
84535.89
1772173.5
1564672.8
1002279.7
5698849.5
373267.84
1644572.2
1318664.6
1312657.4
93340.73
273519.94
132948.7
123613.13
20271.53
115593.016
41986.062
