176260.62
108304.39
21181.557
264857.3
185038.9
179545.14
2980131.2
3122577.8
597453.25
4330126.0
5485925.0
13917140.0
2086939.4
3966649.5
2583753.2
2150205.0
9374.113
10831209.0
8275210.5
1414363.9
494362.7
625698.2
872049.7
2044070.2
1806838.0
1069307.4
2689451.8
1559488.6
12467.335
8379.721
1777233.0
590422.75
1475075.5
2700594.8
1779823.6
8091623.5
2700030.5
7559744.0
537970.2
7819412.5
354767.06
4996697.5
5989145.5
260154.52
1556129.5
1350231.6
4123557.0
259603.78
1423899.1
130188.15
5163.169
1200541.0
1021321.6
6846176.5
2911625.0
280211.75
4620179.0
849306.75
1606128.8
514893.2
2236789.2
1901143.1
949000.6
6818334.5
607770.5
3054124.2
3969701.5
1456951.5
3369288.2
20168.623
21830.81
699362.5
965416.06
392599.84
