1955009.2
479746.1
78394.27
22830.988
449181.94
3650329.0
702768.3
306575.16
1084799.0
200248.75
610956.56
150086.86
414964.5
1658223.6
957774.44
2423546.8
669491.75
2130775.5
920230.1
446753.25
60305.453
2177506.0
51073.176
216306.53
1226087.6
54932.426
315823.84
99900.41
289149.62
1678489.4
129159.25
2240229.8
98181.51
408358.66
1661619.5
681094.94
1133685.1
1442305.0
231960.45
1758060.0
110079.19
2187263.8
334991.88
245625.58
390780.22
569207.94
797492.94
93189.87
1446543.0
681529.0
316857.66
84178.78
287983.56
99963.234
42908.484
14895.419
94987.9
158509.56
13866.609
13012.924
