24329.125
7259.8525
941067.44
327141.94
4105442.5
4245590.0
1285026.9
4349541.0
1089435.8
3415956.0
921.99005
1766.223
1075.7377
78375.94
524918.75
28085.594
378.44843
543158.9
2138555.8
156479.36
3366095.2
67620.055
2107415.5
1203130.0
3242763.0
267504.72
2725894.5
3201909.8
957725.5
3646686.5
122741.95
585940.56
201620.4
2138293.8
1470758.8
185446.52
118432.6
2432674.8
215813.38
9397.544
44152.016
1016892.44
142475.73
64695.746
4936211.0
1891891.0
1622697.9
54461.277
77015.91
106787.21
1294057.9
316408.12
2678958.0
1624264.2
70758.15
49035.11
2963599.0
4251195.0
62713.594
540216.8
2678605.0
883496.7
191325.75
1343997.5
3032510.5
97334.9
4681341.0
3006346.5
1118142.8
87576.12
2567329.8
255730.72
2118430.0
180494.03
879734.8
1747983.4
2560292.8
17813.105
82405.164
405878.6
35067.63
2316798.2
40280.906
161899.75
1583670.6
3502819.2
193180.95
6160548.5
89721.12
2381084.5
103441.29
11566.734
5105149.0
3270.9553
807.7443
4870.6704
7900.666
2371.9138
1550.4366
36868.06
269.0044
3457.6094
