239852.56
7292.392
9232762.0
64819.914
1018467.4
13985.505
8066.683
12895.672
2561245.0
4329.8916
162549.4
253721.88
148243.06
148243.06
12888528.0
397502.25
116787.94
784460.1
25577.332
30871.51
10120.547
23655.268
5530.3774
25314.258
1217328.8
12398282.0
350464.8
23538.365
47327.496
53283.1
74020.305
91654.83
716463.25
964685.4
701457.0
745252.94
813005.7
643747.44
127793.95
18883.895
5492.772
9721.075
175982.5
340178.0
461478.06
338844.56
70492.8
89885.055
114782.34
137680.1
170793.3
228008.14
295288.4
2221743.0
8556.755
154762.17
3897698.5
4460786.5
2440489.8
1518893.8
915304.5
593421.25
320860.06
272782.25
165024.22
192617.25
280960.78
4469899.0
247603.81
10837127.0
3894822.5
310994.2
936214.1
6399400.5
1174141.4
3320502.2
4187.528
160762.34
3246785.5
2959702.2
3254153.8
44130.67
8868819.0
316386.9
528811.4
1586208.5
826941.7
1947710.1
3662059.2
849542.8
2397854.8
1737238.5
571525.9
4225288.0
950239.2
530193.7
539572.1
412236.75
404684.88
1265466.1
1133395.0
578693.1
2021991.2
523298.47
529615.25
582499.25
