85157.68
287092.97
2517745.8
1005562.06
4967726.5
491162.28
2366863.5
1646319.6
925356.94
2593192.0
2428128.2
730284.4
13766.048
5206.2593
3222451.0
1049.3285
7506.4805
464371.44
697518.2
16208.347
20171.63
2796317.5
7691554.0
992730.7
587696.75
1086279.1
2067362.0
2178420.0
1416309.6
2336646.5
275197.1
1437287.4
1560565.8
1839551.5
152010.55
1003043.56
4041731.8
3394110.8
431060.25
29990.572
2657257.8
1258831.4
1220159.0
4758252.5
846755.56
3188366.2
492577.94
936340.6
1385182.6
1015343.9
1129931.2
1550284.4
1070904.0
352269.7
2569045.5
559529.75
1693904.8
734752.6
1051426.0
36155.34
73801.945
86476.4
20761.781
19693.867
108409.375
