1210169.0
996729.75
950134.75
4092248.8
977041.0
1175003.6
2729325.5
917420.6
5890109.0
1368415.1
1582701.1
898936.56
622513.3
1195740.5
323370.2
150957.42
2047191.6
3235544.0
495779.38
1454955.1
292464.3
1284243.1
974511.25
97787.31
1706363.8
867930.44
564682.5
1112286.4
1766534.4
3811222.2
954007.1
2164827.8
750389.2
1346259.2
420550.66
2843105.5
220320.56
569162.0
887838.6
406239.2
699978.9
794039.9
416679.1
2395051.8
1931043.1
180631.3
1943288.9
1657704.9
3445745.2
1389754.9
1581357.5
4883492.0
1247795.0
1723879.9
562922.25
73436.06
781120.94
1065984.2
877037.2
5370082.0
878669.6
124767.22
2038883.6
787420.4
1926422.2
498122.94
3965453.0
1019710.7
2126392.2
1083999.1
205494.83
890046.6
1226433.2
1981479.2
1376603.2
2139717.8
2520927.8
1080589.0
705690.9
36572.16
34277.02
28154.2
1668359.8
7625406.5
17694.139
21433.398
21326.4
19837.389
