49283.535
31794.885
167278.95
784043.2
2004518.5
192196.4
204052.8
5226742.0
1778531.8
750479.7
1077888.0
1112064.4
932758.06
430701.5
846278.4
303813.6
56312.293
307413.03
1109871.8
409093.28
319079.56
585110.75
427140.78
1059382.2
479566.56
602416.75
640115.2
1497297.0
317084.38
570025.44
288682.28
400021.72
768644.94
735797.6
162559.27
767658.56
1135667.9
3092364.0
1020130.8
1140910.4
2033371.9
338776.44
797545.3
919397.4
786751.75
1574897.9
275832.8
205745.1
2028668.5
230231.98
121230.85
460661.62
822703.2
1076584.8
1536473.1
1368709.2
324579.34
1503081.6
163044.55
562919.94
925356.8
76489.68
186532.48
501047.7
566053.6
397502.1
554445.3
283404.84
265673.28
877534.6
146262.75
2247575.5
2576051.5
341474.88
383016.66
530080.56
1420765.2
275153.94
244821.89
986933.4
349441.5
309332.62
105128.03
277313.78
180829.38
643295.94
403064.88
162034.53
1100790.0
161483.42
1603985.9
2118453.8
707401.9
1301740.2
109657.414
3374533.8
1308651.6
465285.38
156627.2
