6462353.0
53639.445
119751.42
1444295.9
941789.7
3254233.8
802546.1
203819.48
1868736.4
105166.21
1275035.5
1862491.9
3065120.2
1496710.9
1438834.0
1185918.6
1129728.2
361342.2
1236207.1
3680421.8
1035657.7
931743.56
131341.23
1793201.8
876365.0
1817969.5
94957.88
522426.3
248548.12
954989.9
2458010.5
947684.06
200390.02
2863978.0
1905406.0
1451601.9
122030.734
1300821.2
163009.28
1058529.5
1101637.5
1417102.9
1910339.6
1658425.9
402553.25
517920.06
331705.25
1286071.5
53570.285
776078.0
1136124.2
1735108.5
317549.4
444251.1
186218.14
914804.2
8739.711
28098.084
16497.312
1531809.0
1453245.6
177308.17
