107777.92
43705.207
5380.2163
86774.36
60190.918
5791.5337
27373.557
73959.445
7893.5093
10658.181
25837.084
32886.707
4047876.0
122469.61
44493.766
2067661.4
38911.516
149046.94
86591.74
96445.14
8944.066
28359.166
17226.291
83093.09
1057190.4
974620.25
2009444.8
1428410.5
1047298.75
3640528.8
47585.348
8946.37
24826.004
1185024.0
99846.61
77193.445
138482.38
265646.94
617596.56
1073.1357
5557.3657
8022.036
704098.6
7918.822
19500.45
4993.628
6456780.5
60037.53
1530.0502
1628492.2
380275.47
2981857.2
546002.06
369989.7
28416.006
32876.184
298983.75
5287.787
4204.3706
4811.161
5665.975
1169176.9
261598.39
388786.72
93800.195
96580.086
103436.98
106094.36
90587.71
3852279.8
1497405.8
925719.7
760288.7
409628.1
1639963.8
52337.043
10064.075
10968.67
3297404.0
413509.75
375716.9
454916.5
13136.737
67280.93
9068.269
6152803.0
103394.68
67497.695
67339.734
140488.39
353917.62
568301.0
1630030.0
234862.64
588487.75
17054.465
6476.7974
9398.225
28859.111
7154.386
596189.4
60506.65
15835.404
12731.318
9011981.0
36091.914
36663.008
43509.445
330358.12
757519.7
871822.9
230882.81
1187226.1
