2750661.5
388837.44
483469.97
1329747.8
2007102.5
2116917.0
75408.24
5552773.5
162158.55
534145.25
31244.807
2326045.5
1793567.9
1220399.6
207082.3
2063678.2
1543842.4
2558587.5
111640.695
272856.5
705917.44
1887176.8
3929412.0
1307067.0
108026.234
6196197.0
1024036.2
4021187.5
1949842.9
2737055.2
1820022.1
1702060.0
1973991.2
770177.25
6194503.5
1106967.8
216014.86
1187181.5
1360147.6
826786.4
263354.72
1116893.2
1900394.2
628967.2
5805728.0
1132138.9
2392532.8
1582887.2
2346255.8
1065241.6
533826.2
13923786.0
656001.1
16511.064
20260.39
18442.854
15589.834
17727.518
17116.904
109960.88
