128408.95
192596.98
321050.6
3116886.5
615848.3
4179666.0
2205201.2
1476629.0
1739391.8
2225790.5
824656.7
340687.78
386622.22
3708212.0
916185.7
2480010.2
801437.0
326676.72
363387.44
2129662.0
1622718.9
1300786.5
158274.98
100152.9
113314.625
281144.97
28385.463
24353.197
147923.33
381934.5
362880.34
359212.34
1566493.9
248688.42
3870406.8
551422.5
1595389.5
2093521.5
1969028.8
602009.6
380118.25
368232.22
1111557.0
1360177.4
561870.75
1583718.2
2341367.0
1754643.2
2776661.2
389024.78
162991.67
358285.16
619871.44
467744.75
354012.03
538623.4
1579195.1
850404.5
1036000.7
288521.2
665721.25
210111.1
800088.5
1124920.0
352877.5
281281.06
873551.8
6638011.0
2518762.2
1720566.9
3613692.0
2243786.8
597303.0
3608437.8
116207.805
496345.9
2788228.5
1116375.2
539535.8
457503.62
2191841.5
90209.63
8508430.0
509125.12
653935.5
1439744.1
1979903.1
2232646.2
2927278.8
2483122.0
3055704.2
905232.06
1143071.0
979987.44
1486254.8
1965635.2
563740.94
437120.1
1342909.2
2100624.2
1262861.8
724072.3
2119331.8
3033824.5
972210.25
305195.6
1962908.9
1148191.4
168787.14
2524718.5
1918824.1
771728.7
253141.14
125000.914
78660.7
60538.473
285196.25
