263981.1
244988.4
245065.36
114313.51
79886.75
337384.75
1713895.0
290459.03
18813.883
733856.8
60900.83
42049.11
26345.277
84469.35
1045156.25
43559.08
7322722.0
8979.885
7986.706
988791.0
1729828.8
12754.901
377688.7
1887.3439
8830.485
7293.4155
835013.06
562450.5
15722.349
11651.196
5092.772
6945.1885
1357524.0
21264.215
1322399.9
145605.84
113445.97
1901654.4
2634.959
2582764.0
631424.06
2661159.5
51116.473
2896498.2
2193981.0
17936.479
1566340.5
152919.06
670505.4
20379.879
14030.433
1163096.2
2970400.8
87356.61
98983.72
27025.129
212408.73
56116.277
91382.79
8843677.0
14629.898
1043.3923
3724.7375
969.83484
143.67632
913.3018
1035.3002
850.0675
969.83484
1079.7529
