7486558.5
298440.6
130130.27
461380.8
587608.2
505475.44
273937.4
35244.734
103230.484
665687.25
7031.5996
6274.185
2475.0496
3368.3645
3793533.0
4157.0347
1140.082
404425.22
61231.902
8274.12
32267.502
626249.8
15489.606
1332.7832
1174886.8
5934.449
1196.2988
2330375.2
285188.34
1951692.0
214722.17
1491017.2
5379.3003
30173.5
1622096.1
4176848.5
789351.9
1122901.0
770639.8
1636396.9
8593.26
6120.471
2232.079
325362.0
56559.875
1058098.6
37403.58
1174240.8
142423.81
3233183.0
15474.746
15106.016
4237.4375
771317.06
669157.6
367834.75
473093.0
876516.56
986959.9
110745.79
68165.414
148243.06
