366435.84
420151.88
1828068.6
383536.53
78960.18
59422.42
53079.082
2233201.8
623853.94
543465.25
44292.74
24808.184
15842.462
52009.473
218662.6
299622.72
3635587.5
3025310.2
1976191.0
18561.926
1662983.8
78877.58
16491.008
2680851.8
195192.61
40283.49
1322325.9
33292.59
795252.2
10325.845
15423.205
3008070.0
1667947.8
276561.5
1875665.8
515258.8
484541.7
1801028.4
175139.56
187879.03
642569.9
84993.305
38348.54
17300.143
2800247.8
431808.62
368367.56
67870.74
1479573.1
140703.6
28872.678
706367.5
494802.94
391558.1
3886708.0
3944538.0
1441594.2
755641.7
655228.6
1839524.6
775898.94
3293813.0
56416.477
80486.73
19449.303
13708.531
11261.998
724363.1
75780.23
42958.668
2195320.5
34335.11
23608.574
27404.178
718895.75
11796.681
18476.412
9964.609
1947950.6
799073.5
1220486.2
257554.94
54280.3
96760.55
46226.848
62232.426
95609.49
130620.055
31503.562
41842.934
1390863.6
146771.89
61179.1
40616.586
15818.553
430479.06
63304.06
28261.924
659980.06
259429.1
72624.54
17550.088
