14519.8125
103563.95
18710.113
32874.254
46040.26
73457.09
50583.703
354605.44
98463.44
40415.992
3952515.0
1338740.5
4200728.5
842613.9
611455.5
1516892.1
3343027.0
1149494.8
457155.62
112447.414
190760.98
72757.66
86475.914
23927.926
115384.92
78313.8
19448.793
52549.28
40622.965
160130.02
171219.69
687425.4
146230.2
2128242.5
646468.5
761984.6
919301.1
1128998.6
319791.28
1462782.4
475625.9
41021.7
50165.703
101170.24
24940.0
2183170.5
583705.5
105414.72
131928.61
157269.17
970557.25
261097.28
421435.7
251458.66
525997.9
299817.62
135488.1
31221.531
165932.06
969189.44
2085803.8
1066176.4
173701.9
350124.97
61821.133
1495160.6
1533013.9
214470.06
210393.8
421472.62
680887.7
281669.47
581943.56
2095430.8
348403.72
340959.88
1848810.0
624672.1
1283959.9
68116.08
186879.58
1192138.9
13809.869
26311.69
130893.98
167888.22
954564.25
39811.47
455857.38
268800.53
990081.44
377968.2
52734.426
599467.06
317005.72
861113.44
1065901.8
660106.2
88841.87
49200.434
15693.884
9565.705
2910921.0
739669.2
788805.56
301275.03
244290.9
692388.2
1174132.9
1152192.0
806059.3
791830.94
1689357.8
1657889.0
383971.34
2699782.2
709648.4
3551797.0
391732.6
854572.7
