1835784.0
362246.3
2266435.2
736455.94
1650908.0
3403567.5
4546163.0
3436038.0
4892090.5
2495914.2
2145798.8
880820.6
584203.0
2176528.8
1606020.2
1811599.8
213220.86
1884851.2
2383947.5
1099250.1
1484391.1
1899702.1
248359.22
2047165.8
482777.2
1469294.6
3354524.0
1619413.4
1716059.1
939410.44
837536.06
3508537.8
184051.78
771589.25
654140.44
391019.62
704131.2
776745.94
1087042.0
2057851.6
590993.7
2486944.8
1096733.5
425035.34
934331.44
493409.34
623463.25
2500844.0
980547.4
1431594.0
1421591.5
7836187.0
3586285.8
2357356.5
514340.6
1230068.0
2874694.0
2546973.8
353495.12
51168.504
3146189.8
1864392.1
970327.9
2193647.0
1498619.2
590362.3
105732.09
337570.94
1143114.5
4443803.0
810293.44
888466.75
2913763.2
1409157.0
1583669.1
864991.44
933355.3
95166.6
539608.3
236741.0
974610.5
840263.3
822622.7
1608944.9
814637.6
492322.66
617663.56
164643.31
9715.416
134275.4
