221899.28
181696.33
266144.94
1853520.9
346530.03
257668.14
89930.41
932117.8
318507.72
109848.01
93827.555
93927.05
525293.75
448002.94
560160.44
617450.8
400310.88
256744.55
184675.4
432935.97
79561.445
121824.21
152819.62
780205.6
184237.02
567363.3
2123231.5
927334.2
539802.75
257056.19
41305.54
242662.28
288592.0
292339.12
223473.94
1298992.9
5846.3125
254361.23
413937.44
294163.3
283351.7
747716.1
1954229.8
5998.3906
203612.16
203614.8
491195.94
355586.22
180086.88
36544.79
15735.073
128890.195
175460.0
204264.14
175840.4
121682.7
172569.2
2347717.8
26887.947
30736.133
26760.156
26760.156
339872.8
