1874874.2
1239088.6
936457.3
1632188.8
521303.97
71661.445
513642.6
3816329.0
1532833.8
446185.12
23903.062
3115287.0
245639.42
302363.44
2361602.8
852020.94
882032.1
826351.1
601275.1
1483739.4
987966.9
858275.9
910602.8
432838.2
647252.25
1280398.6
2299214.2
734563.8
613894.4
110182.73
37348.953
295314.97
1758401.2
748649.94
43909.477
386812.4
407586.03
578961.1
1771403.1
2325394.5
175605.88
950664.7
814711.7
460219.0
622744.6
3450555.5
911213.5
641213.1
585816.0
262381.9
273872.38
526805.7
269903.6
148884.19
4907661.0
123744.1
751847.2
2258452.2
322650.3
365874.62
