28799.643
10055.009
16426.941
5848.056
11419.96
8935.134
13306.479
10168.807
15348.711
10067.8125
2564480.8
333940.75
637529.56
5438460.5
1075389.4
542948.44
286444.9
584050.2
618293.7
984096.2
26074.121
2677245.2
837005.75
1311128.1
657128.6
1032286.2
2958861.5
487169.7
272512.84
9483.776
1188.4366
8905.667
11046.123
31054.438
10293.365
13005.573
30085.98
17727.727
32684.08
7766.6807
19080.219
8939.808
4688.279
28836.068
10468.967
8494.224
14368.378
17917.664
7361.586
21340.398
19505.088
2721.2634
10214.622
203166.2
951701.0
68708.52
56041.625
1513453.5
3688366.2
256991.75
497912.97
356427.34
66606.875
262981.22
634200.06
147321.25
53180.223
380777.6
187335.9
306722.78
433705.2
933226.94
624587.9
268130.5
1284626.8
225577.73
840063.0
467680.2
30632.639
528020.9
301463.06
234849.05
23659.68
150403.47
263396.53
40782.59
37921.82
57295.555
146818.92
82102.266
66698.53
91064.32
145488.75
113584.89
613314.6
13954.624
59683.613
229409.11
4716.4634
242810.9
742190.25
1085965.0
838167.56
931078.9
934115.75
703468.9
103838.39
95807.59
284242.38
697367.94
789098.3
141676.12
182201.11
3050732.2
386985.84
1330649.1
319037.72
