9272.919
9428.589
9989.623
112441.89
273411.7
40179.047
3900.1572
4819.6494
2591439.2
6038.437
903092.7
164438.4
22390.32
2478062.5
826.5477
439117.22
840.43036
2566203.8
72750.98
19352.87
30639.13
25795.896
51416.7
73750.7
2818373.8
235467.19
481457.6
552759.94
803831.25
2783.2202
1254308.1
751.7666
423.76065
1652675.6
177266.45
223772.55
1580490.9
20848.053
2702921.0
14569.323
63181.59
10637.51
1794518.5
909779.56
6799552.5
1950970.2
1584593.9
649529.7
998030.0
847039.2
281220.0
128078.94
177468.05
626848.44
238545.39
139457.88
314090.2
340313.78
600502.75
20167.143
91100.734
1595021.8
421675.3
800519.06
3643866.8
1772942.8
1627205.5
580485.4
974683.1
112741.88
597621.1
483972.9
299479.53
759903.3
4463814.5
79792.41
55859.965
14648.391
233861.73
19971.752
19971.752
6738187.0
2189769.5
2698413.0
496801.25
86297.34
9016.029
701792.7
1146238.0
36474.473
25440.945
63667.85
1844034.6
