11482.262
26037.62
7692.844
6614.8716
6942.7725
698593.75
166674.86
61434.1
41330.66
61033.777
2228.866
3420275.5
10285.096
139214.56
136336.77
148243.06
30345.324
14012.333
2327644.5
116591.39
224458.02
2845151.2
106951.555
510404.25
38465.05
23478.846
1017556.3
259992.19
5389055.5
16776.729
17116.291
4456649.5
460476.84
5028929.0
23204.213
28301.588
25381.451
521264.22
15928.037
270328.94
279488.75
12724.388
9812967.0
992988.5
99481.055
390714.72
16796.879
15404.738
5764.5083
977488.44
24054.912
38633.965
881568.5
35378.297
1059042.2
93877.516
3353187.5
88488.69
289928.88
1707597.2
257838.17
189147.19
346490.22
120005.88
53942.918
52837.176
26335.846
15988.276
334398.62
557144.9
140892.47
1306185.9
8797.4795
1233748.2
933294.3
864759.3
162803.9
23345.678
3398.982
46674.473
120785.305
123074.0
136559.92
176164.89
147785.38
60857.65
1017463.7
62866.723
65041.914
563585.44
31468.406
869253.56
106642.86
208700.5
18517.477
1213508.2
7375536.0
2854032.5
1287648.5
105511.22
16736.98
11233.885
5351.8853
2085.8513
3351.072
