2150726.2
3100227.0
1453872.5
1677322.5
2896791.2
648154.0
1654217.4
205663.44
38168.06
1970081.0
286616.4
358005.47
378197.4
452759.3
236307.9
865095.7
1558190.0
327789.03
509387.53
801643.4
133646.27
1168108.2
1794641.6
88204.86
558823.9
622129.56
1813215.0
263785.56
1218849.8
576053.7
715438.56
173431.53
272294.2
316860.53
804570.6
1184247.4
220061.78
521371.03
1175956.5
295970.56
1047701.2
63162.402
716508.3
496983.62
249966.66
989538.56
144135.73
921982.7
750083.8
102308.836
95868.41
583022.4
7502.3345
57261.75
4578.5337
8280.146
122056.66
99966.51
33091.082
9688.014
