125067.24
37777.496
120816.9
377859.66
32991.72
456759.03
16476.08
11995.078
12543544.0
44005.848
24648.113
260078.88
162471.36
722848.0
90924.73
1525975.8
52856.977
79355.38
160792.23
620088.7
136131.62
594885.8
629626.56
73755.29
83048.85
1333877.2
61088.004
70423.93
23085.879
880787.44
40502.65
66333.97
1858863.5
43075.26
673163.3
7302.0273
54808.746
193941.48
838971.8
61002.69
740188.0
102327.414
715535.25
78716.586
21048.906
47479.2
66850.15
12702.086
221878.98
193630.38
87611.01
2883505.0
7191.1875
2361621.2
23591.03
525673.8
36655.42
1571497.9
74358.35
15893.347
209745.4
95449.305
86620.07
23691.91
592284.56
109713.59
67594.86
27070.486
35132.637
28073.414
14016.8
104112.25
22140.299
20008.69
