148243.06
148243.06
240341.5
67482.53
77574.04
1535474.4
139357.88
533043.25
1167347.0
130175.82
947006.4
7163279.0
756388.25
669270.2
950547.06
2495859.0
92332.945
282411.9
63820.504
1359737.2
133048.95
352075.06
131762.06
469188.56
481722.84
494177.06
104662.41
150693.97
737294.5
2154580.5
1155850.4
1684297.6
408477.3
84261.14
638980.56
735017.75
1570248.9
255197.77
2240460.8
3285118.0
589713.75
1191478.8
4469662.5
24910.371
23550.377
46352.305
516227.53
717429.2
119384.4
253674.89
50518.082
64457.777
76961.66
200893.88
190697.67
677247.75
684650.56
1194881.0
1708179.4
665537.8
1915185.4
369406.12
318167.2
794245.0
156470.5
853986.0
1500935.5
228966.08
179080.19
154714.28
1494538.1
624829.2
961019.25
3520442.2
97254.95
530046.25
158795.34
97809.58
171474.55
42596.555
102161.91
73672.94
329754.34
18856.783
248694.42
322912.53
23984.314
658053.9
27012.244
615076.75
31624.994
32993.19
32009.43
32009.43
