5735525.5
20616.05
80686.266
1283513.9
692941.8
112475.22
36360.84
83148.1
8655091.0
1044631.8
2678.7031
70093.914
1149615.1
32378.018
23810.08
715748.6
396338.22
133281.45
75526.266
6220915.0
167733.53
245760.4
175420.58
178076.11
80389.76
94201.9
1195756.8
172546.06
1279560.6
146722.42
167334.28
725030.94
66317.82
1202369.5
468287.62
213691.12
232954.3
2814807.0
749216.6
5745.6807
8387.193
2154.5286
444283.6
26064.97
16018.296
9521.118
1221.5759
1077.1587
3939.9097
45649.31
1196655.5
964102.06
853770.3
727966.0
597748.6
539231.0
657264.06
485739.06
175118.02
6354252.5
175568.95
33662.477
10516.083
1368630.1
845472.4
289496.66
27928.42
18731.047
157582.61
7384307.5
8745696.0
514581.66
12074.184
8320.155
