1062401.4
452126.7
1442905.8
724310.94
1199764.5
1543733.2
1933334.0
613301.9
1187520.1
7374071.0
8697595.0
5367389.0
2593548.0
1483100.1
2417442.2
2618188.8
3393134.5
2370770.8
4386992.5
4360060.5
4693682.0
3044186.2
1506575.2
205623.14
34221.19
51054.57
338449.8
1870347.6
367997.44
1554852.0
2874810.5
3201135.8
1745615.6
126138.44
237165.67
529008.5
586895.1
115508.97
245964.47
3616758.5
898086.44
1007268.3
1651465.9
1443744.5
1744276.5
2836879.8
2620901.8
2828486.5
3551691.8
2044479.5
3099318.8
913981.1
7244585.0
4166853.0
3818609.2
2650835.5
2602329.2
286480.1
164675.27
674436.44
321530.94
1607587.2
1474.3903
997132.06
71345.28
2157794.0
58884.695
34638.727
7463550.0
593292.56
151682.66
1426285.6
1162639.6
1087898.5
739158.25
1351098.6
4047673.5
3370180.5
1207799.8
546083.94
632194.56
785324.75
281032.1
693747.1
98802.47
250389.6
259771.14
9052647.0
38305.867
70848.69
49459.246
695688.1
