2598984.8
1439220.4
4577188.5
4338283.5
1137405.8
1827022.9
2674074.2
2043034.5
5166084.0
3735639.2
4723233.5
3606891.5
142396.58
148811.75
148243.06
148243.06
148243.06
653908.5
6327.2627
6168.723
1654226.5
6168.723
6083.8027
6130.261
6443.5273
6121.69
6121.69
592358.0
685085.7
34576.516
2442799.2
2181120.8
353077.78
353545.47
584841.4
1333434.2
1801459.0
379212.03
2435072.8
1379679.2
215989.67
2011718.8
1872011.4
2503171.0
1141910.8
2980041.2
2626638.8
613991.2
833791.7
382750.22
1335466.5
31309.834
107467.44
86470.484
397720.7
525517.9
1281728.2
1547052.2
83245.695
3184459.0
640226.75
1151499.8
803903.0
2059733.9
2575211.2
528448.44
145341.4
279414.2
1043536.94
798003.94
95146.48
1431276.1
2230258.8
214055.11
1002450.6
129104.66
816081.94
629818.2
773129.9
186183.05
88654.22
55432.99
129199.14
90423.82
213122.2
79546.74
40645.2
88960.26
85119.82
71033.77
274065.6
423693.4
263072.72
152808.0
141989.03
206661.56
25134.354
73789.586
282497.47
358588.5
398810.94
201880.28
256652.5
435061.5
221295.27
481219.97
565708.4
1750509.4
1116954.5
921435.2
1064112.9
1129848.6
2497392.5
3853061.0
3980920.5
