645505.9
997836.06
737717.94
27915.871
395570.16
182410.19
406757.38
299796.6
2125560.5
592847.25
1185530.5
210452.19
1355065.4
883971.56
951626.7
2261728.0
3416547.2
5714.391
1081867.8
1257871.0
103657.98
64538.477
82147.78
1371637.2
1211204.1
4423935.0
253866.56
2397249.0
710574.5
417124.9
3443820.8
723119.44
2176219.0
472861.9
3082114.2
4830714.5
1402188.9
1645374.4
1355340.8
2807470.8
1227186.6
817478.8
1215904.8
168585.83
80877.65
43296.953
7195091.5
362526.16
888082.5
1027592.8
1563522.1
2306777.8
52616.56
75995.42
565294.3
10003.922
167628.38
422914.88
320903.1
8320.302
