579766.75
880585.75
1768628.8
386143.72
984257.2
518655.78
1266403.0
644041.0
1269872.0
2093572.1
2950157.8
1073530.9
870435.7
691995.5
684894.25
265650.78
347405.28
311111.9
208150.39
2827500.0
2717179.8
846821.75
1266915.6
1920654.9
123389.29
2282083.8
441730.75
431647.94
1601078.6
730146.2
423859.72
446924.44
477522.47
247470.27
1120983.8
942086.5
1500858.9
1822638.5
2886488.2
805321.25
2262963.2
1082684.9
1173535.5
1747868.4
2100427.5
490067.06
2991364.2
1694231.9
3762617.2
1274597.0
1735723.0
1738468.5
1236207.2
385100.28
2832556.5
1935168.4
1301626.6
268737.9
1804647.1
782237.5
1142339.1
457447.66
1242558.5
452488.56
430006.06
7415121.5
1763585.8
1808843.9
2076649.1
1726746.5
1917967.6
4420676.5
512211.03
609327.44
86678.26
3223981.2
956000.2
247433.0
2175094.5
2560334.0
129233.45
171702.84
451369.7
1113620.4
925742.5
2207613.5
90122.27
11194.768
12158.6455
3928368.8
1068714.6
366426.88
1369203.5
185971.64
634556.44
3504.8035
2153.7974
2002.1873
1399.6975
