1423.6132
2639.6045
3096.0173
2507.8054
607261.7
214602.95
631655.2
476368.22
1624285.9
373284.62
236778.89
140268.8
96996.164
323457.03
81378.46
1042765.8
7619.045
1002774.8
322192.88
2591372.5
931757.44
1079292.6
534980.8
1161536.1
4301.279
553902.7
315740.9
1054579.9
231336.33
191051.94
270943.94
300918.78
128199.66
1528645.1
200465.02
533415.7
584455.3
413317.56
849496.75
775908.25
15490.193
204271.5
7008.5503
934353.6
643313.44
2664827.8
78326.766
1169058.9
193671.56
606601.94
192182.73
359847.34
2362743.5
1076177.5
180096.98
3787138.0
1207284.0
702775.7
1414600.8
23175.07
