386797.44
9265.398
36230.38
143118.77
11783.267
11354.243
6785099.5
322870.6
1527825.6
9864.184
973277.3
327546.34
398033.38
15113.396
20017.994
2191843.0
712222.0
148243.06
2329.3914
5233275.0
117633.47
169571.11
309279.22
2744085.5
1046454.7
2378127.0
1404928.8
660987.94
1324664.1
2389767.0
136249.42
122949.516
3186941.2
800055.3
3914250.0
1106039.4
1366219.5
418341.44
262519.8
5504.18
3202453.5
1478181.9
2309823.5
41667.23
444046.06
8970.543
6349.395
2184546.5
40397.016
398823.75
137754.0
432884.8
69147.81
32335.055
2053076.6
31565.197
2914.3655
12196.277
3921.6907
9131.928
1050.9835
8674.378
4407469.0
234251.86
78728.13
69955.85
82660.484
2763455.5
3339109.8
108235.61
555691.0
1491360.2
1828877.5
1189534.2
967533.56
414094.9
392791.16
129431.06
4951.3647
5703287.5
433232.5
213900.38
1270895.0
293973.22
414735.66
2159575.0
290903.66
3836434.0
57516.992
68004.11
17011.225
36381.746
137804.97
33191.105
4015391.8
1434883.2
1543447.5
865957.8
4309842.0
1859253.2
531026.1
326722.72
4063059.5
1119311.0
1898915.1
1250228.5
1778018.8
