1708362.1
1008390.75
1131932.8
1429378.0
2524023.8
629224.6
1135934.1
2860219.5
1972347.0
1383206.0
521473.78
575990.5
2159484.2
1301374.0
723762.75
2574275.0
840589.25
4690996.0
8262558.0
1484924.9
935223.6
775195.3
1374558.6
2194119.2
1777367.5
3407026.0
4377011.0
5904093.0
2648612.5
600757.0
1110249.4
2007330.4
903122.2
816930.7
619927.94
2343696.8
3302049.8
931865.56
4129934.2
329741.9
11782.983
683617.6
278856.94
171141.88
583572.0
2082492.9
1333188.8
773506.75
677344.0
488350.9
175751.17
98587.02
8690852.0
19673.547
55129.406
22922.21
21294.385
16903.375
21726.854
108136.38
