146414.47
6504910.5
113298.62
528809.9
930352.8
2477068.0
546668.9
84985.234
3814919.8
94191.69
13452.244
372040.06
1639251.1
144558.27
146340.84
146414.47
499215.2
1468521.5
2709773.8
37819.51
38099.457
9172.049
1555143.2
135749.17
45433.402
2151617.8
1163614.1
191361.14
1993423.9
3408.6138
2759698.2
176663.36
795586.7
1968694.8
20725.936
2092713.6
156759.08
100648.19
528482.5
1619.5446
10299.295
1683.8254
3906.5203
181070.39
176407.72
53902.53
59995.652
4023976.0
908228.7
55761.35
1560915.8
5643856.0
158417.92
98633.0
81338.164
101190.086
23844.012
20584.5
2202794.0
22139.629
1408517.6
297433.28
1050781.9
797892.06
331682.8
1117201.8
2188562.5
458560.1
2071240.9
1667524.1
796289.8
960428.2
767.29224
615.3876
1931.5094
855.76196
3312887.0
467135.28
2028771.5
539074.2
225040.61
116458.5
84206.9
351734.1
39597.45
95248.9
274492.7
153629.97
13212.024
27168.09
224371.42
726514.94
34787.973
10757.461
10473.157
10098.001
269686.5
305578.03
26072.295
15454.01
12266.602
13195.035
17295.48
13069.212
14442.322
