672176.5
6026.1914
555921.2
9134159.0
148552.39
211119.95
185030.02
195368.72
5846141.5
76607.6
1019740.1
841610.44
2062860.2
85004.0
6020444.5
41418.348
97921.23
3827256.5
336291.66
151703.27
9100690.0
137913.53
9607619.0
100275.39
811663.06
703614.7
1400011.9
247869.88
648998.94
11038305.0
444767.6
403727.44
1401167.4
6345098.5
753129.5
483267.2
3449853.5
75824.87
13099117.0
308496.72
206065.73
575562.44
513948.38
2543919.5
1380449.0
370164.12
56786.58
2782283.8
1400235.8
1399138.8
1866235.0
1215495.8
220435.92
1517319.5
105470.836
349467.25
68980.984
3440815.2
58431.27
768826.94
10686.171
614822.2
1004728.9
151480.05
106079.31
270214.1
113641.64
57918.594
95076.82
247646.98
606466.6
259103.39
