309876.03
1077286.4
123323.266
20488.059
7389.122
98928.95
3308126.2
2730437.2
169184.31
92111.94
377549.28
1068396.2
109173.49
16275.04
2747.8828
502883.78
158643.48
82574.97
213293.3
170309.98
7813723.0
1171021.4
459028.25
1025336.9
546111.6
202241.61
6881935.0
5274158.5
2546333.5
2251566.2
383802.44
1453554.4
11457739.0
2240024.5
508935.25
165320.73
6411906.5
2415224.5
358601.7
417040.7
511180.2
796509.8
346860.94
5248208.5
9214671.0
221246.48
94685.61
572295.0
443035.3
239386.4
913166.94
2044998.9
10786336.0
964824.0
673678.75
151757.67
120615.48
3224915.8
4777347.0
180458.34
240456.73
462448.8
609327.75
8503303.0
1820606.9
880906.0
359661.16
1793537.2
8357414.0
1084650.1
1992523.0
1816491.9
333880.97
9777778.0
7309190.0
1191200.9
1593866.0
1171529.8
1474275.0
576281.06
845822.1
321871.22
8430357.0
10472865.0
2489363.5
159774.6
169056.75
166555.78
164816.1
165445.78
72913.73
111540.086
1927706.1
119414.54
15791.907
14664.796
24716.072
92281.336
65174.86
441346.94
99411.63
62320.215
62271.38
369416.1
1130052.0
202386.89
