142499.08
159854.23
142307.39
230494.25
266667.78
310534.47
209286.48
287587.03
273180.28
387992.3
213097.12
516326.44
379494.28
284118.88
5766169.5
95189.25
216116.97
372021.56
1362850.6
1695047.9
470863.53
297675.94
235720.7
1706985.6
864609.94
182885.06
278316.7
300516.34
867094.3
10401.467
7817.0024
19446.635
608725.9
442815.5
2798177.0
15509.48
933704.8
382643.2
445743.53
367348.97
2924909.5
654435.5
1297415.0
197328.16
1382511.9
89591.125
1150929.2
103505.87
236571.61
80643.92
6260438.0
369951.12
804176.5
1515413.8
7395270.5
1413016.1
71796.695
1296647.8
1873571.4
121260.74
1132062.5
639736.75
24985.799
149006.31
762960.8
180772.05
436028.88
429667.88
3118164.0
1718576.0
84411.73
1056016.0
349725.7
3355628.2
250161.55
65503.05
81212.87
285682.6
332597.5
268973.7
4984.121
528172.75
961489.06
4817783.0
32855.137
3084752.2
625984.94
827029.5
74373.086
13553.18
