51262.44
614254.5
214229.34
116016.24
68633.164
39657.38
2057901.6
858911.56
524502.1
1206730.5
20427.242
1433860.4
8118.277
861924.06
323147.7
137786.0
2068968.0
329081.03
14902.377
2093885.1
164914.2
8423.328
657635.75
1500912.1
1265.1128
668395.6
128707.97
3067377.5
716380.6
260286.61
1455309.4
178898.75
660638.2
3108265.5
48160.492
2126751.8
195124.89
1141.1576
2638362.5
325576.0
2130042.5
42691.17
1345398.5
4775.804
2407058.0
522784.75
835974.9
130972.44
35363.086
2406903.0
6294.1553
2192.8787
4965.534
6594.452
503141.78
15719.107
4721.2183
2945802.8
27294.203
6922.489
