10382680.0
79562.83
159862.9
225512.88
122821.14
159553.52
1174939.1
1145988.1
222256.61
818804.44
1890283.6
168158.14
214280.34
428591.06
23013.861
13393.502
485929.53
148243.06
3211.2324
1849315.4
369099.78
196872.0
216895.58
834575.8
3462457.8
448619.12
1288495.2
2006775.8
1517083.6
1086879.6
701899.94
373811.06
3353857.0
41253.4
2381586.8
1351411.9
974913.0
746387.4
2093744.0
1900987.5
496185.66
345732.47
1017658.44
492212.4
3498296.0
2668992.8
416626.8
1294094.6
80464.2
1607649.6
1133310.2
901964.25
149564.4
707837.2
428249.38
8030321.0
1437763.5
333707.97
687761.7
2144398.0
726282.8
1409366.2
2132825.2
3477215.0
8519.853
789028.3
314225.66
2442242.0
634305.2
366057.12
1645413.0
262703.06
307422.34
367008.94
380238.88
3938988.0
1711588.5
702705.5
5349471.0
36813.145
1751837.5
87019.97
279918.66
646019.3
589354.6
2555961.5
1572089.0
752329.1
1056041.8
2075613.5
368438.06
1059539.2
2401969.5
1779397.6
113689.64
1083440.0
31574.479
265877.4
644351.3
1353295.4
805288.4
159691.73
232610.19
1111818.4
2489712.0
2761292.5
48943.492
