33604.977
994587.7
286066.53
509158.84
141998.28
322375.25
2288.203
10009.42
359860.0
16166.648
188386.55
184948.4
1647095.4
1322770.4
865568.44
447455.34
614476.5
74442.37
70214.02
630406.06
722171.6
600488.4
557205.06
46845.258
493045.56
335683.88
101055.78
275828.06
469940.28
1000761.9
88817.16
108126.85
397921.75
121221.234
388971.94
895615.25
938519.6
253075.95
556860.8
45681.094
76182.75
4154.5073
437334.84
33554.766
1412.0593
238314.64
383777.28
651842.4
228578.94
779823.56
385963.62
1087.2467
1026765.5
291797.53
1649471.4
355391.25
1084482.1
618836.5
1152820.1
1322178.4
199826.06
69961.625
830661.7
27557.404
842791.4
51391.664
683732.9
558794.56
47974.008
244904.55
21806.604
5505.294
355476.1
668366.0
1152892.0
695.814
20379.38
10145.683
64762.105
1004327.5
919107.7
711287.8
30987.084
639408.56
415571.6
463342.16
194308.12
296818.9
66773.48
4001769.8
5831.1943
15614.868
493832.9
4005583.0
1247802.0
49541.574
619922.5
722173.0
160867.53
1010023.1
210368.89
226039.92
