968382.2
1310322.5
1215570.9
12062.29
6129.242
34327.79
1893174.6
552815.06
694896.1
529870.7
512437.22
83294.13
504512.97
902453.1
327652.66
879300.75
3935.052
4586.4897
410716.7
37168.42
45478.426
1875048.8
1493116.6
1271597.0
5130066.5
34613.953
585191.8
608838.2
37603.816
128450.8
726331.1
948059.44
422270.25
254397.12
311525.8
333721.62
1832135.8
113978.305
1802702.5
14937.233
491157.6
858224.56
133885.7
999800.6
802155.8
1152907.0
2541196.2
128685.23
306635.9
516917.84
897447.06
1308069.4
427243.6
46650.824
138934.61
219894.8
40295.52
18771.223
23921.016
539251.7
