3669.215
20981.182
3730206.8
269656.5
2358364.0
570381.8
1194549.2
94411.32
77875.336
3875329.0
348398.53
393856.06
219382.69
142692.7
789357.9
66618.07
57302.824
814937.5
8551.898
223810.16
755180.75
143094.52
252899.39
20789.23
692418.75
1009203.94
1673081.9
258987.67
741359.9
3281314.0
65966.22
114299.1
197610.11
3967242.5
87416.63
687243.2
589889.25
430788.8
1392485.9
628534.8
3169608.5
338001.7
2701865.0
146078.17
800413.3
363620.9
421006.22
1770276.8
16118.119
574537.56
2805867.8
568843.4
1321898.6
556128.6
1005946.75
1892906.4
919037.3
1832703.2
778215.25
779839.9
1225607.0
561463.06
333908.1
68729.58
774502.75
994242.6
133540.06
451286.22
1201779.0
2794441.5
1055261.5
166083.27
6114416.0
353616.3
21749.25
44327.113
710255.8
153710.83
2318880.5
2558974.8
374098.25
203584.16
180206.94
2894025.8
994996.9
1939674.4
8643.168
1593704.8
521381.38
108850.25
48405.957
5193905.5
1960652.2
1378900.5
1995907.0
952268.56
1194624.6
35786.945
890032.0
606096.8
1785771.1
2814590.5
1985686.6
193532.52
469891.0
4036232.0
355682.2
1710631.9
279910.03
210071.89
6230485.0
863639.2
623160.4
547785.2
