4968.8945
1299458.5
363136.4
57152.445
1382579.5
682165.4
2056879.5
1916729.8
42168.62
436742.7
559535.75
800198.75
2881889.5
983158.2
344260.44
1706090.2
1932359.5
373958.44
270942.16
2530746.0
1288773.2
1382.7971
1194756.5
165204.19
425759.8
478.0351
1525489.5
15503.597
538253.6
2944.0574
310274.53
7264.5444
1009031.25
2678667.8
12864.778
22042.232
1289383.6
125480.85
29173.033
907405.7
1964673.9
2029076.8
4016080.2
2979.4565
1919.9216
594385.7
283192.78
3359365.5
657301.9
1214906.4
923158.0
1968379.5
926673.0
1466511.5
617528.4
1151166.0
3425828.0
2153103.8
749992.7
731622.94
1855853.0
1795716.1
547729.8
271533.44
514647.25
2761.8374
5895.9478
75604.97
1835603.4
1635005.2
5230650.5
180597.89
1931053.8
2140749.5
3456678.8
3729.997
1189727.5
712101.2
2096575.1
3917859.0
419422.97
3137957.5
2776.7358
1046.6042
24494.693
1138358.8
15272.711
6950.1465
164960.52
72970.92
83605.89
12085.897
24196.055
17274.406
80601.29
18447.6
