1048803.1
1255275.8
309849.5
929167.44
2086767.0
843871.8
1777894.1
2430105.2
2472190.2
808751.8
776070.7
799625.3
919631.7
4672032.5
1271957.6
916047.5
312750.72
44038.414
44384.63
704895.94
1715997.0
198220.19
6013.2886
5578.058
6812087.5
253602.02
85109.41
68931.11
1253091.0
467990.5
109540.87
1128942.8
1520371.6
3613820.5
967471.44
1283470.4
2676551.0
433160.5
1262098.8
2469677.8
1179319.8
574827.75
423798.44
3563134.2
511445.0
246032.81
2682857.0
2262293.0
1556581.1
283054.7
76477.055
403694.47
1044698.4
1377356.5
1220179.9
2358414.5
722597.94
380561.75
266153.1
1442475.9
2410126.0
1931029.1
168733.95
860586.44
506396.84
2063569.0
2006753.2
1163695.8
1704285.9
930558.75
668668.1
1101322.6
1946348.9
1504699.8
1328976.1
1692877.4
227789.81
1422244.1
2365787.8
1949928.8
1357788.5
1513029.6
1353226.0
1180330.8
216654.19
927393.2
1613999.4
1513225.1
227452.77
2634032.0
499483.47
275651.78
204652.06
1655970.4
107993.414
747011.3
2479604.5
613694.1
3455581.2
883175.3
3147475.0
343901.3
725743.9
2873537.2
518867.75
292965.9
1549556.9
720031.4
