251666.17
1211292.6
539223.1
619779.0
210347.98
535893.44
1102399.8
325065.4
570013.56
1119454.9
505315.4
996258.5
744833.4
171047.06
22967.607
470724.1
355723.72
611366.4
366799.62
418914.03
582853.8
424898.84
672030.4
381945.84
139611.62
788732.5
1168050.1
749955.06
701322.25
762482.56
1365210.1
171262.97
771257.7
774325.75
781064.0
1213853.2
273749.03
1221926.5
592669.75
940324.75
1261110.0
541792.06
849346.2
590230.9
549321.8
1133877.6
858239.4
824741.25
399323.62
173869.36
502736.75
204818.61
2048790.8
55136.11
19725.06
44489.79
19785.238
322446.66
2536.161
17424.36
