7156330.0
835014.25
9904074.0
659802.6
168698.53
602.8383
720.47375
43.943882
925.19824
2657809.0
1963.4528
6195.036
360053.3
61210.78
996089.7
1080618.5
1076017.6
424.94656
5855.218
2828978.2
4261970.5
1283581.5
545184.7
33872.246
7024824.0
114471.62
6337208.5
5291830.0
786513.44
561080.5
656667.6
3478527.5
4067143.0
970171.3
1076254.8
588642.9
682922.3
2718858.0
8727.603
3946091.5
2883441.8
384158.44
955520.06
63985.023
1576582.0
9396461.0
109813.66
116869.91
349973.2
6528732.5
20690.348
92379.234
3024771.0
1393296.5
3634576.0
2216902.5
2968741.5
951065.0
2500892.8
1264251.4
693611.3
198445.36
292350.78
600323.25
853929.9
1817790.6
114375.98
147491.92
6979.196
2216857.0
33021.75
