1935462.0
1933767.1
2781563.5
2235419.8
501971.38
759062.6
851133.44
157333.08
2076203.0
2808542.5
1688565.9
848782.1
677632.06
727496.5
476942.72
495932.06
316104.88
599475.3
652607.56
171259.92
423434.16
284259.56
373063.16
370438.2
73114.97
79279.414
189758.6
533737.56
161281.66
1992339.2
1577532.6
2522314.2
1171417.0
1449694.4
1648515.4
716617.2
262783.88
705117.5
390193.66
91256.37
929539.5
876163.3
410475.1
702135.8
244920.12
948286.94
2659640.2
2346748.5
3585167.2
1527797.9
973375.25
1706310.1
433003.38
1329184.1
622894.4
81655.4
11196049.0
4660793.0
236401.61
460762.3
8194.063
8308.994
