2899.277
405064.12
30774.33
1357308.5
101788.51
41788.527
1759618.5
524252.4
3423236.2
11380.977
834339.3
2538655.0
43708.516
1689593.4
283875.2
1915075.1
1422469.4
390670.78
1454772.8
1506590.2
952013.75
162863.75
1202385.1
76420.6
1736263.0
3152048.2
1810.8422
1090549.0
1619369.2
464495.72
6677346.5
613818.9
1276951.6
42456.75
22508.797
1606350.5
714355.9
1824424.8
3471.681
6826.272
2286.1633
1631.7444
1124.1453
307.28986
1161.8494
1476.2378
1447.4039
4904.169
793.6868
1911.271
1766.8706
184.95766
891.0927
257.606
422.46268
191.54208
