1420317.8
618335.1
574744.2
836257.3
848503.4
901282.44
607950.2
325926.16
49561.918
63402.93
6205591.5
1288968.0
1939836.8
1265522.9
2596594.5
913693.3
290480.47
200702.34
1933332.2
954916.75
1030583.1
123986.43
4031.36
4318.2744
1517066.8
171304.33
95595.69
47726.61
107805.945
755364.6
364273.66
236483.27
1566796.2
768917.3
817426.2
620784.25
1685230.9
19155.367
34177.746
32575.678
22377.477
21197.738
50109.363
1562653.0
1853.074
20332.71
7158.432
2333.69
26401.938
4270.1665
1746.1315
648435.1
127972.13
135790.98
776516.7
1957.4962
7638.8223
998486.6
2304082.2
111155.43
1660370.0
8279.287
5781.988
28824.002
1702575.9
26817.121
15336.697
1894503.2
209579.33
229513.0
115202.95
77216.24
206578.73
209686.56
565743.75
423336.3
108964.19
54027.38
581448.44
1309481.0
2083782.0
1676379.2
1340693.8
922458.1
3036956.8
187580.84
1183716.1
219620.83
446145.72
406715.0
779702.7
1346845.9
448237.2
1846570.2
405294.62
360954.38
361343.47
1800306.0
2127358.2
608853.3
1579793.6
765226.75
916091.3
1447755.2
990142.94
3574342.2
1542556.1
981687.2
1069272.6
6178350.5
1262254.1
2275224.8
4068204.2
2937838.2
2455483.8
621961.56
319293.25
