5042380.5
183100.44
78275.62
986945.25
391366.56
575579.8
176646.12
55906.258
978018.0
497257.2
613216.0
365894.34
67810.27
2239721.5
601634.9
575250.5
1116593.9
266827.6
1098503.1
132606.12
4545901.0
647894.0
503653.25
682614.0
1292572.9
1418062.4
500443.44
783765.56
1133058.8
109363.23
229385.83
819389.2
381744.62
296981.94
1839653.0
4482268.0
472805.7
1472338.1
2337402.2
4090638.2
1353497.6
4512050.0
1466679.9
1144104.8
2177609.0
1603306.0
878522.56
483776.2
562378.0
6428626.0
1732752.5
1046134.8
1192995.9
517990.44
18912.229
3167900.2
1570207.0
2812811.8
415376.84
178423.11
174627.81
342162.75
1365234.5
89383.8
499273.28
748398.75
785283.2
652474.2
3710321.5
2061311.6
636653.9
444772.4
537018.25
297799.22
481365.06
619309.06
658292.7
699359.2
656563.9
614394.6
234641.08
960788.3
267895.56
266056.9
481120.22
536081.25
40672.395
1258873.9
131382.02
