16358041.0
1033680.2
2372390.0
769227.5
710791.3
443505.9
775722.2
2233936.2
1127275.4
2015376.2
1368933.4
2312263.5
1171703.9
2072543.1
300184.25
123504.05
227292.22
714382.3
981408.5
6126140.0
418190.5
2590982.2
1362365.8
279727.72
5285285.0
137072.86
1037920.7
2640206.8
474195.34
905157.8
874757.9
256246.4
980741.3
3328668.5
2610973.5
1381260.4
5255586.0
1089605.6
3096642.0
333104.25
11978344.0
585909.9
710757.75
1862461.4
1589740.5
4451747.0
713827.94
483330.9
5925163.5
556438.94
1455940.6
1543887.9
101338.04
2638120.8
277367.38
440792.8
698374.44
171159.62
1491144.4
748187.9
