269848.44
437466.3
1449378.0
1829392.1
467726.84
992549.7
27379.355
46166.75
12540.165
566665.1
224055.33
56052.582
295981.6
265456.44
360920.78
263080.22
1634232.8
73827.59
200653.39
213561.81
1796509.6
65498.36
15592.213
552136.25
1559.9781
262439.47
470752.75
422527.16
1238489.9
462580.22
5859599.0
167444.1
142405.4
1066961.4
720522.1
234615.19
415964.25
118166.625
3580997.5
252969.3
142773.72
84695.21
1659920.0
642373.56
2256123.8
11430.814
80090.09
28504.996
1209248.2
5706.5806
3510.8079
28976.955
14142.619
9077.559
1695641.2
38934.24
38613.3
1041315.3
7847.837
4462.699
