70213.31
56069.562
1414677.1
4790392.5
768925.0
3392833.0
209106.1
899517.75
318802.84
2286382.5
494236.44
1803522.5
2253455.8
1342963.8
454194.88
3975.941
3562.19
270154.56
382525.62
682951.5
436276.97
543158.94
1980172.0
596120.0
1051600.4
1438825.1
696014.0
283344.8
1574661.8
89268.37
2196947.2
338680.62
5268702.5
10073.394
489630.34
69660.01
88413.35
215061.67
284995.84
1118737.0
114647.625
2250127.0
699272.06
1894414.8
687968.25
186975.86
182733.89
1848003.4
893951.9
2405132.8
262710.16
399552.5
6928743.5
87745.57
112382.58
2436544.0
190438.11
1263129.0
12991.402
49073.227
324866.38
6659.7573
