12426.792
295613.22
2472489.2
659821.8
40332.49
10748.855
991.7967
281476.03
1442595.5
2539643.0
4197.0654
17956.227
25869.072
24833.615
75707.23
68148.414
52064.105
78767.1
183039.39
121673.08
78503.59
529861.6
19856.941
420591.03
19062.967
12465.327
30392.393
1355445.8
126573.695
212302.69
215130.47
456810.2
243003.56
119421.5
200016.22
1016115.25
140246.28
226564.0
7462268.0
28264.834
36031.664
2215872.0
65520.434
99619.21
368793.47
44947.027
53335.848
57538.47
135145.83
11077.766
24739.223
471655.06
7959.8877
31573.55
332244.34
32047.732
11015.919
5908282.5
156123.2
130249.01
148243.06
