1744838.6
305549.03
2804781.8
195712.03
1363880.6
137754.45
3024253.5
1382003.5
846792.6
1724057.2
20759.055
807666.6
470386.47
1575871.8
2887914.8
868172.5
6049.899
506215.8
1467964.2
738315.94
625177.3
702415.2
481900.3
789963.75
1159851.5
343215.44
497215.6
1568204.8
770399.7
1248635.4
793981.2
786699.6
266250.44
230319.56
599905.6
1085789.6
944077.1
736539.6
286789.72
341553.84
669535.44
335337.94
728070.44
1237102.4
844181.6
450278.62
1003056.1
766198.9
1912731.9
538714.25
264153.34
1462802.2
2549421.5
1587055.5
286418.8
1532511.6
285648.75
1819487.2
419305.25
1105155.4
995734.25
1400134.5
2869052.5
53849.4
17867.514
17436.283
437105.62
183487.9
352863.3
231809.27
406470.75
91159.08
96193.46
91879.47
290505.12
165958.03
33267.254
14003.403
191206.23
570842.25
1201536.4
134489.14
228671.62
36621.11
968205.0
369878.8
18932.994
18998.836
17841.664
19027.107
