333437.9
1726164.2
11293893.0
725081.5
1818628.2
1767733.9
505494.3
687598.3
7160927.0
298264.97
1065735.8
587542.56
57480.438
3019139.0
320076.06
244993.48
1074797.4
3821413.5
679803.0
802851.7
30881.383
2048312.0
2648861.5
2584240.0
781786.6
1985643.2
770470.06
12477.323
388425.25
78562.06
2708387.2
2638185.5
2392126.0
383632.4
1524272.4
580878.75
554141.7
504293.94
1942161.2
493419.06
242172.08
3770556.0
1623084.2
2410497.2
1693066.4
9891313.0
553474.6
1058117.8
362357.4
1186015.4
292127.9
826348.44
4697240.5
723321.2
949507.44
12919741.0
217954.95
265275.78
54959.293
