4070122.0
75729.336
697011.2
777653.94
888914.8
279333.5
548782.4
1158597.1
471253.0
1542573.2
21463.232
942369.44
379730.4
994730.25
51746.938
386375.06
1385457.4
1164842.4
327277.9
1836730.9
217188.8
67604.88
81225.695
1117360.4
12811.053
747942.6
127452.586
942364.2
41239.74
2552784.2
513090.88
68136.11
1311421.0
205865.12
41844.473
37862.484
1541529.1
102619.12
208624.55
70526.4
1092532.0
2606719.5
914139.4
248037.08
1884274.0
39040.44
176670.12
9802.334
362325.7
2901.9553
287660.88
85665.195
1481.4335
698716.25
131425.06
314750.44
327399.72
806636.1
2027.35
112326.04
292658.44
148243.06
