4888114.5
8754928.0
1737037.2
1470642.0
7376493.5
336433.06
731891.6
226546.92
2136968.5
484684.7
4329792.0
868882.25
844851.4
1158065.1
660687.44
802793.25
868864.9
757339.5
2548015.0
1802505.2
8189700.5
1165847.2
458050.28
3160863.0
880575.0
243061.39
930511.1
789355.1
5077618.0
647479.5
2470950.0
7126840.0
1896434.4
1561369.8
2696118.5
1025091.25
231862.9
550344.6
2174743.8
137436.45
2227055.2
1503036.0
2099130.2
762646.1
1568337.9
1704892.6
6123627.0
936908.44
1451591.4
2900228.2
1311699.4
191397.97
1347349.1
612644.25
2373850.0
1121070.0
1467266.0
965181.1
588005.56
304124.9
99180.85
198111.73
