3590930.0
15742.362
209920.8
305326.5
82320.555
5990.405
1824548.1
104148.516
21010.537
61501.473
16963.23
14353.436
123363.54
48811.88
186261.98
129955.195
28939.148
9355.544
433343.4
46551.07
108803.15
73218.195
453752.7
10086.2295
19815.865
12554.822
425271.1
40051.754
1136021.4
57427.195
21945.057
276780.72
696750.6
204470.16
119856.805
518069.53
515258.84
357107.03
976632.1
56572.38
130870.15
66796.63
2245254.8
1521562.1
1479593.2
97544.97
164753.9
9412.133
223890.39
1264840.0
1000310.3
872665.1
486583.25
499547.25
593567.1
2294419.2
539947.2
434165.66
1304677.8
401660.47
894646.0
324024.47
342500.3
426529.22
983008.56
1675197.2
384996.16
804732.0
1092617.4
946705.1
2199589.5
164468.3
2573750.5
246757.03
393929.66
1249142.1
1076364.1
1818015.9
40312.887
208598.52
970081.8
154217.52
2127612.5
14894.719
723597.75
1506623.6
371800.16
912027.8
396171.66
19488.736
832.737
207420.94
