663771.94
3522959.2
1279233.2
453892.5
629635.06
482761.22
780921.9
456550.25
3143660.8
1086582.6
921794.2
8104515.5
35580.4
3258023.5
3238662.0
1852363.4
8996242.0
1824476.4
765949.06
106570.72
2208387.8
1781763.9
1930419.5
970330.9
3702162.0
1736307.0
175316.06
142207.1
863060.4
20799.656
836184.4
1210856.1
57265.812
121549.47
31648.844
2561956.8
4611.1055
683130.3
5866324.5
87549.4
356188.47
2757306.2
307471.94
2074241.9
2288037.8
2198342.5
850203.2
1032557.4
529510.75
588035.06
3338402.0
1328825.5
864769.7
21746.95
8567.566
8687.256
19865.092
21814.69
7471.2095
7458.339
3968.5156
16732.008
10983.149
