156802.69
631612.3
594187.1
2491.2773
1783328.8
823680.75
1823945.5
42040.867
515406.84
228624.56
585516.75
1943981.8
1456745.1
22207.459
999616.6
963648.06
713341.0
1277739.6
1470769.0
1692482.6
401945.03
197076.44
865419.56
146171.62
1922852.9
1300534.2
289114.06
1139270.0
1935873.4
242622.06
90478.14
822526.06
2040742.9
1114026.9
138158.36
727418.6
4721.982
916927.25
1447427.6
816484.1
584331.1
5721828.5
858013.3
2099097.5
12013.101
303505.94
6944.6953
1140711.1
442240.78
1105536.0
64058.1
3205.9912
1506.3995
