2606402.8
472005.5
2179714.5
3684811.2
3119229.5
2093336.4
827669.25
1629634.9
2259638.2
1392503.8
1697376.6
1218447.0
5981991.5
2518986.2
1280352.6
1022744.7
5672981.0
2612602.0
2555013.0
1586353.8
311273.66
774819.5
2911260.2
3339577.0
6513513.0
8529931.0
1310709.5
1416533.4
370806.25
37999.605
179083.27
1473595.1
1140843.4
2651486.0
1511784.0
999835.3
1276946.4
2236562.0
3468015.8
3493377.8
1304922.8
5466495.5
3943700.0
3126584.8
800263.4
725454.25
2416085.5
3548324.5
2887284.0
2987626.0
4051349.2
1206324.9
837666.0
8406445.0
78354.34
660105.25
11960199.0
138594.38
192958.84
611216.25
