3975331.0
230752.62
810509.7
862777.06
483360.84
650207.7
2151188.0
103089.76
266708.44
2719456.8
617400.56
2563427.0
1728139.0
748606.25
652294.8
200918.16
428140.9
1219623.8
424854.1
569017.9
1205057.5
530921.06
1086563.9
505887.7
1104501.6
167788.97
786665.1
317833.94
321706.97
1817959.2
2382362.0
484815.22
671617.25
355250.94
257110.05
591859.8
802036.2
21251.117
22911.344
388306.7
509940.5
753130.9
812363.4
139012.72
586388.7
721727.8
444092.4
3510312.8
1544388.4
2207421.2
995265.5
866100.6
5431.3926
120697.02
349202.84
436113.78
297886.34
35648.176
642143.5
383030.78
148745.16
675517.56
530220.75
407620.2
2421426.2
158167.34
165114.31
946336.7
431073.2
555704.3
731103.2
991534.7
357124.62
603533.3
1333330.1
507809.4
1509577.8
307957.34
2953424.2
93473.28
275782.47
3155978.0
4374447.0
2557675.8
134161.62
58331.375
77087.1
855896.94
153428.8
90938.72
1083092.8
148243.06
