85677.59
907072.5
8500355.0
1304603.1
509947.34
17543.963
427529.0
63583.492
1078367.5
214103.28
5418544.0
228389.75
933782.7
2851796.2
304483.94
454954.25
6660025.0
636846.25
379216.8
463471.78
179901.23
1193352.1
3049066.8
531476.56
1581116.1
921904.25
2491251.2
339888.6
2130005.5
24546.994
295339.0
9287081.0
4770052.5
342054.88
1610852.4
553097.7
501816.12
229769.23
2775042.0
2407502.5
34552.426
1383782.4
2958937.8
2818934.5
223487.12
1468390.5
1569099.4
6874.654
419267.66
86293.336
2649742.0
284043.66
392376.4
860415.94
257584.25
580845.94
348750.7
51721.824
46309.344
398187.94
503199.44
