1156091.1
499933.7
197324.31
297434.53
460704.53
185443.44
84945.26
1911123.2
188790.55
167516.5
412276.1
129113.66
2013452.9
17358.52
2664990.5
272236.06
1795125.4
166831.03
4406809.5
40768.61
1274764.5
125199.95
33164.004
583843.5
14638.649
27057.896
32350.746
31486.77
89442.34
1113405.1
286453.25
117369.3
891290.44
1393696.2
163312.66
147397.08
658110.94
14557.6455
13524.416
15025.899
453456.4
4394.679
4965.462
4347.0093
127640.37
15730.788
16031.53
15596.8545
905370.06
18343.268
5647.3833
3284.9792
32879.97
3447.4214
10346.323
359593.84
