67163.016
82992.68
526897.3
11184657.0
294577.25
177945.53
181100.3
121135.0
959807.5
2051600.2
2812350.8
2298742.2
3440362.0
2297010.5
6560213.5
5738430.0
495134.72
1634209.9
1971320.4
3219717.8
260223.92
2905050.5
446783.12
664196.06
1208815.6
3279342.8
3472880.5
2234857.8
2127070.0
2542413.0
2139540.2
1959205.1
2903998.0
3502248.0
2492317.5
2080661.4
2473927.0
1162422.8
2889358.2
895738.75
3352227.5
1348493.8
804780.75
175872.03
2168667.5
3855473.8
930388.7
1006987.0
174654.67
393038.47
2012579.8
3455631.0
564721.3
627428.9
950502.0
152021.67
1568214.8
4336909.0
2542347.5
1321176.9
1279338.5
2526332.0
1125376.9
1030445.7
3618615.8
2803571.5
1481402.9
334185.6
1054081.5
1743668.1
394678.8
1420689.9
342977.8
324697.88
5962769.0
1286605.8
1691586.4
1511297.9
1012343.25
5386021.5
7294438.0
1546293.1
2969212.5
1019514.1
332405.06
2704067.0
1462669.5
2096233.5
1271674.4
105196.555
