427056.88
91055.336
6413720.5
1259014.0
1633214.9
1206758.8
80781.17
1831867.0
2178090.2
1910925.1
2283484.0
1199269.8
563739.8
1151982.0
987908.94
388276.62
992179.56
2044329.8
1999693.2
991544.2
281775.84
614253.94
218664.22
155671.64
2790387.8
1362156.4
1184896.0
638468.3
657550.4
252619.83
1444414.8
1529624.8
2348016.8
1778224.2
1324155.6
979494.06
1864306.5
2623760.5
64792.176
281361.4
1980802.8
1611805.1
5709972.0
985806.06
1996287.4
797551.1
397126.7
1058106.5
1044807.44
3418.1218
3192104.2
30410.877
69367.875
50964.473
81833.164
346451.72
728368.3
10297.205
68532.48
12149507.0
26854.295
13369.01
5505.6445
2959.059
11252.908
3569.2314
1602.1271
48190.75
5204.1924
26710.45
23369.594
12515.359
11648.974
1003.70874
8889.717
5326.8267
31772.834
12958.222
28600.861
98367.78
