56272.062
63458.203
51772.133
57887.785
738010.2
285337.5
5557881.0
885881.1
1065958.5
978839.06
910872.8
2134346.5
475629.47
181790.22
462592.3
533979.06
365062.53
281838.25
598640.75
995580.5
278975.03
334889.16
300916.1
3439717.0
8889897.0
556113.44
1648738.1
1635280.5
5708228.5
970286.25
127274.414
942633.25
416860.1
1020339.7
47520.35
842998.9
233638.75
571532.9
222795.47
595715.94
1794384.2
382459.3
226312.92
975231.25
1842945.9
526137.44
394145.4
2213554.5
390061.4
785957.9
285023.7
1873839.9
209944.1
587330.4
200981.7
998719.06
1640334.9
158225.58
124920.68
2115336.0
3201508.0
3396743.2
293467.2
72844.04
56096.887
2171196.0
382564.9
275409.12
64283.844
41341.137
27497.496
17776.887
32830.71
7195.197
13701.358
29994.564
18757.629
7553.364
13912.8955
9126.674
28692.393
46644.016
47983.543
5806.047
16492.018
14089.162
3992.1895
6786.8486
15900.507
26323.0
55516.39
24116.809
33829.008
47464.105
79611.46
302329.66
5830.7974
