403869.62
1069136.9
822439.5
1463300.6
434292.06
332165.0
580093.6
618151.56
249002.69
571495.5
149377.6
519658.84
642147.4
1495370.0
355204.88
1993138.6
1389102.2
863848.8
1068214.9
606531.44
746742.06
611989.2
2194040.8
250561.47
1110458.1
405691.34
1060694.2
412.7669
2031007.1
804306.56
2429705.5
793324.7
933919.94
1038566.44
174852.38
2930792.5
511646.53
762294.0
353708.03
349899.47
703222.0
1166866.9
57795.37
262150.78
803776.5
29163.092
1068810.2
544190.56
697653.7
566613.3
807265.8
858058.94
943916.75
866617.94
492962.78
643164.25
77764.76
1259649.9
555357.0
1621798.2
1037112.2
849149.8
997695.6
477420.7
614302.9
174093.81
51183.168
76709.38
541742.1
267258.1
157720.77
