566232.5
31191.006
415777.38
76051.57
22901.422
21437.375
263795.8
35570.67
6658794.0
756469.2
201120.73
212007.3
1016029.25
794554.94
1170338.9
137187.3
15248.256
2595966.2
1279696.4
1510329.4
111733.305
834066.25
977759.56
301409.03
418813.94
262124.75
150098.66
1202257.5
856438.6
780749.75
374821.22
79068.85
187303.48
232632.25
294872.56
147655.3
408208.7
444029.2
359523.84
764031.56
551974.94
51525.992
758875.5
701549.7
338410.16
620066.75
682763.9
806591.5
208381.28
116287.58
780681.25
787779.1
1187235.0
305179.22
351152.06
355386.03
398538.16
581648.0
714400.2
369268.72
824391.56
538585.5
178429.06
556263.8
268162.94
429340.0
231350.52
1089634.9
34406.457
701964.9
617629.8
1303235.6
255619.84
287278.84
405262.62
460427.56
588512.1
1020734.25
39584.902
975718.6
1236944.9
1163716.6
408674.9
259142.03
560405.4
750139.8
443832.03
200744.6
752298.44
189352.7
358587.84
254754.47
549185.2
246904.66
816206.56
887118.4
2165808.8
8451.717
579852.5
8701.051
