94643.375
2704873.2
2697230.0
1203413.6
890170.1
540187.1
882335.25
1009278.94
1476316.8
723918.75
5036938.5
489197.97
3134212.2
3561076.0
1708216.9
731387.75
1819408.6
2281101.0
3745172.2
639152.4
2455705.5
1587980.0
1011391.8
1744249.4
1203857.0
718792.0
219986.42
2899660.0
867054.44
1394575.6
777826.2
2445664.8
1035828.4
1608967.8
3365588.0
357862.75
1415612.1
647461.4
1288264.9
1726683.9
181359.62
233191.23
360662.88
215145.66
1169357.6
423884.38
1540168.5
428692.2
823408.44
289978.34
1182539.8
1330196.1
395130.2
680240.94
5099734.5
373829.25
466747.12
870856.06
1549739.4
108058.445
510439.97
350778.44
1673722.2
681900.75
577178.6
11350.1
18644.004
16817.986
491459.78
