207313.81
1034495.06
503779.4
4674444.0
1675944.1
1873938.9
3297159.8
2950673.0
1463075.1
1883927.2
62319.742
3083210.0
526459.4
496757.3
358824.03
2359346.8
169206.48
216254.7
4422470.5
216669.1
224338.66
46508.688
1932903.4
285284.16
7125106.0
178928.45
369776.75
2646400.8
2192555.8
1927434.0
3392327.2
69202.18
111144.055
61703.57
1334253.6
290201.84
3580677.8
291413.8
190746.34
442748.94
977509.3
728931.1
2379245.8
235263.5
2097534.0
1910494.1
442339.34
6704828.5
494989.47
379603.06
91350.02
133497.62
221913.05
60893.812
2966756.8
2031665.6
1812327.2
1114568.0
1494750.6
296683.22
1697204.9
138071.03
2599010.8
3060232.8
25958.33
33204.555
11505.12
3490914.2
459481.25
4249418.0
13226.589
17690.297
3210.8113
10722.821
4387.4844
2759192.0
288651.53
763444.44
82837.01
77252.12
294812.9
299814.34
935637.4
4093601.0
15301.096
10519.619
13969.758
13000.269
13804.358
5741966.5
3271.6514
433.0473
1138.2163
452.64923
653236.56
1160.0582
