194355.6
67800.664
132400.58
1348128.8
1261848.6
158805.67
128238.195
126422.15
123256.49
441762.12
133243.14
134328.94
980657.25
210080.34
293023.28
1942175.8
1226342.5
1078946.8
192672.73
1855008.4
901665.8
2263213.2
416914.47
272187.06
1202460.8
1070090.9
1742152.0
2102209.8
92083.71
3111540.0
2799169.2
157102.0
1607741.4
2362183.2
1011161.9
307952.44
2623793.0
787363.3
354635.97
1280240.0
1217343.0
2001038.5
581455.5
466102.0
555196.2
1908573.5
755074.94
2052097.9
707928.7
682457.2
2309049.2
171596.17
1620217.8
1314157.8
3114687.2
365304.2
824497.1
1586414.8
1364919.8
1519991.8
621108.7
426515.06
471178.4
2999946.2
1138718.9
4439197.5
2641836.8
2449822.2
1265341.1
381369.16
816428.7
457144.78
1816971.2
305420.25
904800.44
742206.56
186238.4
377324.72
118019.414
1353591.2
1223787.8
2222937.2
66679.34
143991.67
136142.14
61604.863
1424560.6
1150.4327
109734.586
774.7077
3883.653
1457931.6
24770.787
10055.372
12410.313
3231.646
2186.0566
1423.5752
