1829969.8
8957.804
301000.84
121897.38
6524664.0
1907119.9
896244.0
9335.929
11027.056
10506.527
53416.38
23963.787
17434.451
2557834.5
110536.875
3930.0386
2156.1282
103683.15
52474.965
229355.95
7687.14
85480.266
11278.505
1444043.2
33959.65
53086.348
7751.8936
11408.817
9841.048
16291.64
25922.016
201195.36
75883.195
669390.2
1263160.0
295207.5
148243.06
148243.06
5523417.0
662991.75
253442.3
148243.06
941543.4
1609175.2
2230354.8
30367.342
102253.38
85085.086
4893236.0
269249.4
731452.7
801264.06
316779.66
6283443.0
318560.2
105282.48
180274.36
271382.84
336735.7
162977.34
53217.367
1230116.0
5814.807
88890.19
2718943.8
954763.94
1397199.0
567024.6
148243.06
5837492.5
211580.45
738146.44
330101.8
210477.36
194899.83
64134.63
580735.25
71472.27
401797.12
1745588.4
148243.06
148243.06
148243.06
4566683.0
715480.4
352364.47
1015447.1
1534241.5
794693.7
878616.06
2285012.2
1373835.2
425940.62
418527.4
834583.4
1124878.6
98141.055
68547.42
36585.53
19059.395
21722.756
9153.17
106265.62
2019.1154
15485.511
8774.96
17390.64
18648.049
33542.688
8995.112
13201.745
6400.625
384592.22
7357441.0
