1517.0348
1431.9285
1863.5586
1713.3135
1760887.4
1083686.5
23618.75
33502.098
6977.8315
1130346.9
531715.6
22399.295
6551.7363
31807.168
54055.125
40630.945
48945.15
1043.2809
18532.727
20046.562
1198.1322
15255.665
2560.9324
111630.64
3601.6353
1937.1122
39505.195
2295.4033
1303.9675
9764.3
3272.49
869.89636
2320.1348
3800.9824
305439.1
1527.5161
80049.42
74743.65
1506.2228
17838.988
57144.09
88297.51
66242.46
2572.0525
91901.23
9428.288
2100.2139
148978.3
2864.0652
124525.414
243909.58
208604.45
89068.45
1733.3397
1631.7739
2083.5254
1892.0945
1943.6427
1896.4521
2196.608
2047.6749
2146.5012
1758.6262
2405.9492
2126.4177
2057.009
2055.2896
2041.5002
2110.2178
2098.7322
2128.8499
2105.2698
2122.427
537453.06
1129.2893
1355.8586
837.14264
1244.112
1244.112
1244.112
1244.112
1244.112
