192684.48
702911.7
46076.883
1552770.4
1794542.8
699030.06
1421004.4
224638.45
313763.2
151739.72
4782647.5
560970.75
1711827.9
4797817.0
765864.44
1190831.8
1869250.0
1122116.4
887191.44
1131240.5
522525.34
1923411.0
1585833.6
4991337.0
1445849.0
1700404.5
2243033.2
4352540.0
730013.6
679216.56
1731040.2
142085.31
830976.5
1543016.0
122346.86
405911.7
289716.38
27424.443
939525.75
511274.12
2297997.2
21131.096
8521.238
871608.44
83748.01
185130.98
846682.94
194445.98
595027.2
283330.75
1758859.9
147287.19
529345.7
32374.21
3646006.2
83199.57
869349.56
628532.9
380951.06
232064.72
148243.06
148243.06
