109420.89
109350.84
414729.3
163801.7
174844.22
4379590.5
245738.34
1437077.9
3452689.2
186017.95
540280.56
596689.4
327943.3
35883.36
158146.53
917397.25
3138.297
126724.24
2103865.8
1659955.8
2283110.2
723176.44
1104233.9
737442.6
718593.0
2326505.0
119987.66
607777.2
463691.16
538461.1
485821.03
1721254.0
622762.6
432111.44
427528.78
962562.8
44086.39
884335.44
268665.8
139671.7
1034305.06
624043.94
10069658.0
677804.5
549239.6
645305.44
1266506.5
853910.56
354601.9
715403.0
2218598.2
2503209.8
2474098.2
1166010.6
963896.44
2126237.8
452328.1
84329.58
86767.42
36986.125
17064.168
38450.957
1646827.0
3821.4788
453962.3
174352.23
