12960928.0
33362.543
81016.516
597899.75
1383400.0
592347.1
647949.25
85696.3
48736.24
38756.477
5563791.5
4207672.5
2283420.5
1146012.5
4058250.2
1798353.6
2068782.5
1825333.2
1418837.0
190563.97
830666.5
5559668.5
1475376.1
200761.17
2412570.2
4345073.0
822198.6
304691.7
2025876.8
1192745.8
232990.7
2577130.5
2517130.2
1958959.8
1781440.2
3023475.5
1953207.9
1536186.5
1649383.1
4686341.0
684873.3
630490.44
2291600.0
2245807.2
2559046.5
943592.7
5524896.5
4868292.0
3718447.8
2849031.0
1065348.6
1356221.1
1743666.8
124814.17
1812366.4
582915.6
2907188.0
54429.668
3933327.0
14242.1455
806878.7
