62006.902
12950584.0
17502.809
19718.604
154079.9
430666.8
488817.0
341199.62
567539.6
377617.94
37136.51
47731.812
39485.98
20617.346
147252.72
58821.83
37802.207
56580.707
4445.286
25782.34
14598.465
26830.22
154196.73
139424.27
198281.0
21143.74
39263.63
9922.642
77597.32
51834.434
18910.893
5567.9478
31585.982
123961.05
109432.055
41913.53
29521.004
9266.22
122084.56
28172.738
4895.5215
111400.53
21454.96
13930.915
32923.566
4599.9307
43441.445
11056.414
26755.66
26399.656
25411.385
18931.107
58976.63
56964.08
18890.902
9321.585
3998.8757
8430.285
6180.659
6722.694
20504.758
71235.86
50605.465
64096.31
17353.877
16940.7
75874.44
5990.488
22003.668
6116.5674
18118.238
100426.41
117050.33
297926.2
228221.72
37219.074
60688.207
29389.828
145875.66
13129.576
21022.28
109428.19
42594.66
104842.54
44445.83
17930.225
6195.461
13588.091
291363.12
208953.8
113084.96
145987.36
29537.943
9797.181
6101.4116
14288.882
87349.05
13468.806
37017.39
5711.2544
31222.457
61126.047
31233.574
21383.64
95006.61
71675.77
66882.34
81090.6
14667.323
9628.57
11966.092
5780.684
31302.36
52911.84
12466.164
11613.372
