17502.67
15102.564
7019183.0
430894.62
447886.8
3506054.0
278673.88
394854.16
183148.45
417236.72
1235274.8
503785.12
3699261.0
2893.5881
14725.103
153205.08
523411.03
127191.93
66056.234
5569380.0
120530.055
1404389.6
4900.8657
12244.741
796450.8
431183.5
208708.92
32431.605
24405.074
12307.725
816900.7
83721.6
36836.316
1169461.6
1231054.1
439346.72
126122.766
89359.305
9845339.0
357028.16
519586.7
543129.0
290419.8
70349.43
424115.6
801627.3
638180.75
72219.24
32307.555
28359.512
30946.148
26322.33
29443.031
20623.697
27805.492
33211.26
536255.9
284877.97
2157967.2
626129.7
3193748.8
122965.16
2186506.8
467672.3
621330.0
541329.0
460475.7
391148.97
881055.06
556805.56
406880.5
295212.34
299300.1
200447.48
4718407.0
8274.81
6004.669
6886.0815
11329.973
1433456.5
205117.58
232001.84
22397.129
1715849.0
195428.17
276520.78
6057.71
523934.53
200802.55
36167.332
4818.573
14727.766
87478.26
4606.562
3657.9443
1291400.5
845238.25
380746.5
12726.497
