373620.88
2047609.0
721489.44
351764.38
325458.06
1086270.5
499369.8
944009.1
1741439.0
153190.97
2970544.0
1357458.8
123020.17
1465070.1
26564.531
355421.1
1075264.6
254597.98
717408.0
263237.22
371433.7
3181960.0
1085879.5
48816.67
48030.22
1563534.1
3991442.2
218843.86
18383.633
1905481.4
49248.79
472793.1
165448.78
911353.1
459975.6
1152864.5
1674903.1
114179.98
621650.75
852287.8
509026.62
2388270.0
175005.22
259574.4
5066039.5
350403.38
90523.0
184980.44
14824.593
26874.281
20926.021
338941.0
16307.785
517549.2
110053.49
665193.5
95169.94
3788300.5
183615.05
9266.158
