5339.518
4731.9966
14466.663
2105.3728
4076.7068
2462.7954
3716.1206
1094715.9
238402.86
1507508.5
4080768.5
1350955.1
742097.44
1774373.1
1208653.9
538295.25
2089340.2
833846.56
1324545.9
65907.05
514031.4
1828045.8
1630685.5
3962668.0
3693258.8
2589390.0
433378.25
1948883.8
787959.8
3017094.0
2782389.0
2122365.5
848580.1
1053246.8
2950652.0
1230337.4
13397.962
285011.3
709575.7
663657.94
457842.3
1325965.0
1164170.1
652856.0
329250.94
228076.06
2025735.9
1569652.5
1168420.9
1571212.8
1042535.56
2132081.2
847767.1
2680014.8
1070603.0
1796627.8
415297.88
1046509.3
1280503.4
1313158.8
566454.25
265644.8
1529980.2
1228191.6
1003898.94
2674883.2
1358562.8
113311.65
1277772.6
492993.03
159830.61
105698.164
