63296.008
545482.94
69585.51
548786.1
175107.31
280147.6
151498.77
499904.4
342389.6
134320.11
22428.852
812837.94
152865.42
279603.66
428263.75
504135.44
13188.052
365625.75
1059765.1
210589.58
33724.33
705244.1
61181.797
757599.2
227146.75
376342.88
226575.88
993716.75
287602.12
307348.03
113507.89
82275.68
98770.945
608749.56
307090.5
190975.53
462416.78
33625.406
52593.06
79029.945
83956.02
102259.92
317829.56
697007.3
732290.6
323694.53
65277.195
32612.006
475313.16
58446.125
80373.77
126524.1
814593.3
271067.78
12924.644
