1453479.1
2151720.8
1270229.8
1262359.6
5340956.5
2116316.0
1703656.0
1770815.6
746532.94
1047594.8
802439.4
748492.06
45664.434
1037655.3
900866.5
2270185.5
530504.1
916814.5
716008.56
1180375.6
1180182.0
60311.242
2961473.5
1027214.8
1211431.4
1138683.8
857236.2
2137103.5
2175204.5
278532.56
1242666.4
2257481.8
2087889.0
665821.4
1088969.1
935716.9
1139039.9
1155513.0
74374.12
267763.8
2487173.2
88231.03
89076.09
964971.5
877431.06
1202378.2
2431670.0
1446365.4
740145.56
120752.52
450088.88
155290.81
185433.39
90512.73
1019614.25
2613159.8
3174504.5
1581393.4
136051.92
27832.225
