43879.008
10352.1455
10431.597
110462.59
5220.0566
3073424.5
242444.6
31003.17
10039857.0
37537.766
102229.375
838544.94
303993.5
1541248.1
1218533.0
1268495.9
700450.06
1978261.5
1850698.6
406600.0
85412.04
479948.3
106298.21
1225550.6
1467246.8
207378.89
50034.58
1610832.9
1660.5111
980959.2
505822.88
219820.33
323192.03
1008717.3
2461768.0
16734.36
439359.6
515905.5
281106.72
304252.53
75221.96
51045.234
611411.3
2010.2473
21855.658
1444.2811
1550333.8
736126.6
788284.06
911242.94
3093.983
289.17862
1556.4442
1571686.4
1042752.3
750839.56
4856.5254
468.94485
814093.9
5862967.0
967779.2
282807.9
305548.56
76311.914
128226.59
1985381.9
174544.28
15864.456
5601.262
1808773.4
148243.06
148243.06
14195683.0
69783.6
66279.12
66528.86
19663.342
