3416840.2
2959189.8
88853.445
646.1817
3148.648
4337.7974
1293.3625
913.4977
1406.9723
4532.533
1550.7565
556.5464
1204.3926
3842.047
3042.6047
962.1877
373.9381
2729.685
4314.2324
1436.8494
607.5875
2132.8892
3994.3901
1675.2089
592.64764
1087.5023
3520.2983
2190.04
934.5186
691.28754
2712.5664
3868.8064
1178.2661
422.48294
1922.0558
3823.755
1757.0806
335.13043
990.1277
3247.108
1977.3438
1353.4209
543.69104
2317.852
3233.5322
1169.887
808.31934
1768.9948
3287.1912
1472.2024
225.3539
1026.219
2737.105
125999.78
10997.02
11015.042
422989.47
