5860.7314
722229.0
4102995.5
987968.8
1714217.5
2770790.0
1397013.4
3752920.5
3894832.5
1382078.1
65935.93
48767.523
57243.13
50954.016
93866.44
84709.61
57955.79
29087.02
624912.1
967031.0
2686705.2
89373.13
656605.2
1872354.8
1028245.44
3522338.5
5233649.0
202185.23
752942.4
4532529.0
9386716.0
4619374.0
3981254.2
3634088.8
782483.06
797433.4
3615351.5
5195155.0
1584001.4
3131852.0
1550774.4
3211634.0
459229.06
2565051.0
1426327.6
2517795.8
7098269.5
1262771.5
304793.0
216433.66
976801.7
2389191.8
1581434.2
1727380.6
4047306.5
251107.23
1031878.6
1978052.8
443369.34
135944.86
786986.25
2419888.2
2888373.2
1400791.5
408697.44
2454105.2
5531595.5
1965105.9
8180747.0
2535056.5
603252.0
1729722.8
354835.3
386680.53
1348725.1
2131149.8
46125.46
1897609.2
1927835.1
1824867.0
1584617.5
1486616.9
44783.37
25310.52
1070640.5
26143.072
22432.598
9148246.0
743115.0
333212.06
555952.2
2922485.5
452361.75
700064.7
137513.34
354862.3
2261563.0
1047508.4
325371.22
1035318.1
372172.16
596540.2
180292.25
589716.7
1216476.0
2039427.9
970951.2
579114.2
470634.34
1406971.2
