11514.444
10305.121
7844638.5
1123614.1
835989.5
2303898.2
1725153.0
892252.06
2994413.5
813845.1
1026.2693
1215.0573
1080.0486
1361.0928
438.1749
522579.0
212964.33
24664.484
51105.105
42065.516
535831.94
56626.746
162152.5
52958.023
19197.152
501908.72
350148.78
2061832.6
123478.836
2676016.2
32277.682
5346583.5
1249.8501
3182.5896
1525.4702
1387.2736
946.8065
1213.7843
537.83746
238613.31
47083.08
34858.04
10222.069
1408369.0
434747.44
342174.5
67970.31
1848638.4
2242569.0
930274.1
407037.28
5044.3584
2212261.0
10148.06
14902.994
756482.9
324450.3
659237.56
9222.488
1482658.1
118958.055
825111.6
57632.285
4192668.5
1957656.1
1640747.9
940730.0
234035.22
4456564.0
897982.0
353204.72
83749.07
393982.03
497116.94
244422.16
1554797.8
249349.42
1247746.9
32520.545
16070.234
6563.632
591668.94
196570.33
123322.17
168660.31
3554068.0
160544.66
160828.31
1551439.1
104823.04
4050624.5
1202.3835
1433.4993
1042.3984
544.54974
139415.69
245263.81
442009.28
342959.12
3286712.0
1205.0245
1250.3699
1232.1677
450.86356
