148243.06
8575244.0
161475.78
52103.094
36396.555
37247.32
17051.502
41454.7
6752.155
14824.616
42261.953
18865.682
19183.361
23344.207
92671.49
157050.69
85813.91
25278.629
47925.082
32866.87
32606.91
8152.0737
8711.559
2833.4849
7320.4253
83783.875
36584.113
75891.49
74618.96
135891.1
154672.55
248855.53
138803.52
91847.805
309772.97
27612.225
56595.973
38598.87
48089.81
10597.939
39068.438
91244.32
46360.84
83676.37
14639.171
117459.5
10897.671
24491.361
10077.762
16691.352
20515.553
29054.47
85356.91
39341.617
85178.11
5801384.5
200946.73
9762.916
13563.532
13386.179
13000.984
163384.42
