315558.4
1793822.1
68327.734
1302759.4
505956.8
1298124.6
1826405.2
3287633.5
176445.83
1423960.8
1854417.1
523808.16
2038117.1
2482381.2
597929.06
1675003.4
41000.973
6988163.0
366422.2
2285594.0
148680.47
1807986.8
53086.598
63388.797
58920.77
72527.36
83686.305
1886718.6
3282017.0
116300.3
1977529.8
1164908.8
498509.12
776242.1
789341.8
402585.78
761990.6
11283176.0
197226.75
1277225.2
878100.5
1231296.9
1309039.1
757999.94
80217.75
1149291.8
642639.06
1183929.4
1208540.0
2082021.4
731269.1
1246338.1
1261561.9
1008419.94
1266000.2
1867399.9
1187957.8
1961368.8
1714200.6
293790.38
2383303.5
677140.8
1061769.0
14679.168
31199.691
9907.855
1335444.8
209369.64
1883182.2
3087769.0
1755080.5
983679.56
6458772.0
115838.67
1080623.6
3665.5308
5924.7427
3630.5374
3558.654
3835.1704
1445165.6
148243.06
