7191676.5
387698.75
2637529.0
197286.84
129606.35
175639.64
111082.17
165866.53
247190.02
6578967.0
512367.1
831425.3
4427217.5
349126.0
25259.762
27642.398
29097.074
1109357.5
2514462.2
655919.5
1988946.6
2166091.2
5768181.5
1844691.2
1846338.2
1959091.1
723225.7
3328682.5
848071.25
768713.5
883845.3
1482857.4
2308908.0
1095073.1
3574885.5
2261586.8
1340772.4
1165968.2
7515007.0
3829.4827
11383.388
611856.8
1061639.6
1878289.6
1626067.5
4068315.8
3300862.2
1487708.4
489259.38
1872448.8
186730.9
125671.3
1261075.6
28111.988
3240625.0
2049683.9
2752052.0
638576.06
330004.62
64886.434
44231.285
81300.78
4015850.0
2550756.8
937627.94
1408221.2
879293.5
2024902.4
825762.06
304388.6
436274.0
778770.5
895194.7
1254747.9
122197.5
148705.62
426649.47
438991.9
510929.28
1262045.2
5719487.5
1200011.0
1487860.5
1495859.0
885997.3
3022837.8
1809144.6
1402516.5
1416864.9
281637.3
394227.66
206644.02
995499.8
1360759.8
379124.12
2315234.0
868971.3
828959.8
704494.4
3701258.0
383032.78
759092.2
8025.4424
2579737.8
3289.0942
12585.765
