8225.953
7601.8403
8178.217
8178.217
7771820.5
825728.7
96259.84
2381832.5
1172355.8
898354.06
775941.5
419346.2
1353157.1
167809.67
800847.1
152521.69
1123772.1
64184.28
1474033.4
2287433.2
6792793.5
5902.7236
12500.443
4136.9277
364339.28
12778.601
507330.6
194426.3
4317320.0
21197.586
16251.572
84461.836
3083.1094
2533508.2
27821.97
2593867.5
110005.0
896581.94
164655.9
2727968.5
50293.47
149965.44
611572.6
1072447.6
111890.15
1011827.5
266156.7
1481960.5
957335.7
440628.62
324321.34
443446.06
303512.06
1039721.25
557532.06
300414.2
1609447.5
2761750.5
1171436.6
3622934.8
1496254.5
1106711.4
706098.94
290417.22
1133144.1
6766087.5
21894.143
42688.527
33346.35
29388.127
5207.3887
5647.7886
3037.242
