86906.11
8064385.5
3925032.0
160290.36
65092.93
2344935.5
427587.7
345804.03
67648.61
1184435.8
67403.3
4723825.5
311883.84
184628.69
1623244.9
924431.06
46757.17
325096.0
2680791.0
783872.25
1348835.1
177066.14
2172953.5
545808.25
458725.8
2823473.8
643969.44
1413816.4
2020860.0
1535070.6
992894.1
2261374.5
749487.06
2133974.5
4784336.0
421822.03
3679314.2
6278672.0
119134.39
102234.72
1478960.0
648287.94
4177787.5
2214718.0
4974959.0
8903472.0
154283.58
430694.3
53772.707
10607.318
134202.55
2098898.8
2718953.2
1463770.2
2227596.8
267378.53
1999513.5
941122.4
1389456.2
1371737.6
1655812.2
503634.94
1940383.5
783713.9
1801975.4
2495350.2
71366.97
1983986.5
7001791.0
1350804.0
133279.94
3097246.0
430428.88
2583372.5
62011.973
1207779.2
230735.88
257591.66
1721198.4
8405197.0
1212519.5
1064722.6
8333.188
75588.625
620253.06
18752.156
1295602.1
40768.2
669694.4
205952.14
133995.86
