148243.06
11077279.0
471763.88
116754.77
170718.11
544520.6
492612.56
1067449.6
500770.1
399165.97
3009698.5
7809909.0
610981.75
758040.1
170210.3
171684.23
293002.75
90110.07
8995940.0
326659.56
174970.0
312608.5
6895960.0
214719.53
148243.06
39338.625
3542771.5
1574356.2
174119.17
958270.44
6010507.5
1141795.0
190561.8
134001.03
123167.25
3954820.5
621120.9
1075158.9
3096642.2
1496594.5
1488309.9
1943412.9
3240583.5
667097.44
412174.1
691410.3
492849.3
3461636.8
242306.12
133176.84
869412.3
480157.72
6927509.0
524456.1
320423.4
281743.7
58198.87
834989.25
933424.1
6831399.5
21954.611
165112.58
3223191.5
961416.44
202167.61
4637066.5
1349941.6
1367889.4
4026563.8
1748026.2
937123.0
991112.6
3686374.0
901469.0
1913626.1
1737681.9
53919.926
98634.65
2367274.2
486102.2
1398263.4
1261271.1
142344.52
59709.99
32596.9
1667589.6
5035004.0
225090.14
1554710.2
3957504.8
2667232.5
3628186.8
2275798.8
705014.4
8059795.0
2710534.5
82347.75
541599.2
152176.88
2010028.6
81022.914
1226921.1
3892683.8
1815028.8
2212658.5
1387015.8
280434.34
1104232.8
515955.47
599373.2
1059176.9
1369089.9
6195187.5
