926071.9
770729.25
12443.015
12437.753
13616.9
11830.084
11799.763
170759.23
1523534.5
315622.28
14670.694
7767.5054
321050.4
17696.477
17774.064
2547461.8
46516.87
15465.026
10377.499
9285.384
7325.1245
5331.435
62099.75
9114.331
7366.0464
7506.7534
9354.987
8396.033
52015.105
78120.85
124853.32
44529.61
46511.633
110715.43
188366.86
3290239.8
23602.557
13072.347
7230.0137
9210.592
6927.8125
6932.3687
89612.22
1126309.8
18057.709
14674.912
9770.924
8270.956
8220.468
8656.194
8313.555
642442.8
1206055.8
5875.9243
9470.529
4116.278
6196.7603
500594.34
769200.8
12691.364
2348.6445
7748.5234
1683.3644
1845.243
294987.44
4008610.0
200024.31
87082.445
56402.258
33329.25
35213.55
33293.848
33293.848
32833.76
1663144.6
526748.7
526748.7
