17594.076
193154.38
143821.62
90736.48
16632.254
124771.45
336128.22
61934.973
7863.359
4035.9316
3345.0103
137.46228
5379.8345
1914.4542
287319.9
720609.3
11685.887
7265.6714
1384.7695
1395362.2
368703.3
387303.38
102972.36
13258.42
10856.898
232677.55
74335.734
62192.355
870353.4
10587.111
437107.28
8884.8
13112.291
1593.3859
56563.8
41542.18
116504.555
38055.94
71230.49
116657.14
20036.197
129876.43
28674.088
29091.174
35914.883
9592.877
23540.193
12946.26
100812.12
98967.38
168220.98
20279.125
441268.9
1501872.2
144478.58
3442.27
3099.191
46597.56
5615.154
4442.3896
4430.6875
3792.4045
26101.9
51808.656
