148243.06
148243.06
630186.4
11923.718
173540.98
1178418.6
466798.66
80910.63
80081.61
9380918.0
223047.5
369847.34
161753.31
488885.75
2269.1038
3889.9385
346553.5
2902556.2
236025.28
219816.77
8368525.0
293263.34
428073.84
356261.8
357125.9
3611239.0
2811864.2
1240337.5
308781.0
280048.16
534927.0
342209.72
241442.06
1726372.2
957704.7
815188.25
815490.25
980510.7
502392.7
85890.48
310210.44
2525859.0
1699320.5
473098.9
421363.4
803374.2
923384.06
493352.0
590402.94
261400.89
457870.28
97699.75
1154260.1
838534.5
1525634.0
1749638.1
1938818.2
1594832.1
9637941.0
5596920.5
1985739.0
74548.44
143612.31
256127.23
131565.12
14988.541
14119.5
15715.4375
87915.88
46220.86
167085.42
148243.06
