105593.336
167636.3
45407.242
39055.086
146920.92
4876483.5
65403.92
257736.33
621137.56
80639.35
3918.617
3932.4023
5330.1562
3088.7446
3632.5342
612612.3
487914.78
1654041.5
1094731.5
1858203.6
251237.95
2970717.2
615640.5
15924.679
32730.387
4068580.5
145749.11
145742.92
162898.92
1587381.6
1772057.1
99053.53
260585.61
216659.52
152426.0
34761.27
81561.64
66483.87
129248.836
2835538.5
1981801.0
3728944.2
3376781.2
1920510.6
696041.75
1218947.4
56443.746
115309.47
295674.28
120032.16
1509168.0
114867.98
192404.28
99017.57
12273.848
24372.658
6817.4346
96414.875
447237.3
2731094.2
99039.93
97624.48
4959041.5
1656020.9
1545982.8
3168971.8
1530719.8
1097031.0
1390023.8
624220.44
348651.5
715170.3
410588.53
2909949.5
850.90216
3624.7356
579326.0
148612.5
313216.88
868488.4
1213993.6
60488.484
93009.13
131571.36
126259.36
1504849.1
1100443.9
1037443.8
571881.94
1170124.2
2946149.0
1057647.4
2101736.8
2719137.8
1647105.6
277664.5
10511020.0
6389.018
2855.7705
1985.9795
1868.367
6033.8
9976.428
5136.552
