35031.754
23199.846
30501.62
447005.75
283887.47
196626.08
352786.0
149064.48
114313.83
24826.326
310141.22
30160.324
33312.74
190642.73
45839.8
182567.3
79378.53
10820.046
65801.5
5141.1807
40191.242
7624.9395
39664.21
192737.53
239295.14
86065.41
16108.416
111359.16
178059.3
112598.98
212850.38
135841.22
841119.75
91130.94
147043.48
290539.56
90442.35
204769.06
101305.266
25299.88
48436.652
246864.42
17025.242
326410.97
125440.016
122486.555
87075.375
9086.278
132424.84
68219.016
135904.53
495125.94
299205.94
56796.637
107531.99
13661.007
195078.6
133591.47
3607.809
61129.406
173466.55
5122.532
11829.261
15881.5
36200.195
293070.88
120781.63
119098.875
11588.293
15609.831
33727.113
625083.5
178870.34
195222.84
152707.2
157239.25
280514.9
1390.7987
139446.94
204992.8
178186.28
109145.92
94009.3
615183.75
