159644.05
434890.7
321255.0
1151542.1
3304173.2
479158.66
14256.995
5603.6904
68886.766
21590.258
50280.816
33439.156
28063.264
92744.8
75798.086
29152.822
46425.285
17330.299
28190.812
39357.047
52307.664
296470.44
54429.824
60898.152
100542.7
136046.7
64861.297
5390203.5
593106.8
2049651.0
1306360.5
9041706.0
455041.06
66368.78
44064.35
66630.3
36617.926
76578.85
45612.34
87495.766
110196.19
232389.67
12102.299
31161.787
1366082.5
52550.95
49771.54
83417.35
628971.5
43815.887
26835.992
36458.406
1159081.0
401231.84
81952.99
279019.72
493590.28
257923.48
110870.914
299473.78
161748.97
1291039.4
26616.72
7770.3667
639394.25
5625.323
21291.992
21034.861
14631.536
195266.81
24747.463
35159.266
51575.63
3059.417
13491.172
1410989.0
5224336.0
135334.19
313360.78
240097.61
144775.67
435995.5
777363.6
300564.62
8489548.0
703069.0
11124.047
11225.861
12758.365
12596.517
14065.075
232579.86
19072.586
9800.898
113191.125
16418.506
22921.912
22435.914
31049.494
12020.5205
13303.89
20902.627
14844.358
451686.25
1859653.9
14563.011
12749.893
19516.98
11244.195
8670.707
7824.9683
10544.616
313894.62
7120.6313
80463.95
