128362.33
282483.28
1464821.8
472088.25
1068811.9
581364.06
189010.61
177191.28
1838540.0
112923.04
136094.22
983145.8
1589418.1
3500299.8
203959.44
978715.3
74793.37
2123151.5
612862.75
58609.074
25075.164
244081.55
917997.56
32293.82
292635.0
3419608.0
1594133.4
4672.7563
40286.973
27736.604
1978854.0
62462.11
53946.9
3741996.8
1084105.2
710034.1
61000.98
2412843.8
20566.45
1439135.8
633771.25
69264.11
604258.56
325912.9
6018.3926
2484800.0
691455.5
13532.63
9704.781
2176979.2
3867.7366
1523.7905
1117731.1
908605.94
89539.664
292764.62
122635.44
153719.72
501130.0
50149.83
