38621.547
67738.2
27531.445
30596.514
22584.033
31825.227
24767.363
14965.94
14943.396
9743.783
8967.406
8998.968
9208.626
9545.047
281525.47
3999916.2
1742531.2
28127.916
19614.178
66732.79
124970.64
217674.62
368375.66
351840.44
318357.94
288022.66
208450.44
426965.56
141395.77
122796.26
247050.31
226383.67
46978.582
44051.875
20333.963
51419.9
48390.55
16778.014
20752.115
134152.05
40659.332
11711.218
21632.258
19184.535
36650.992
30100.748
11920.531
41171.066
60966.043
3378.645
11343.97
29266.318
109263.88
11115.975
12138.737
21361.365
35569.57
50825.23
49001.633
14461.995
16332.549
18882.344
16465.24
5800.047
74215.42
14348.019
5110.6284
25740.695
4803.773
456640.97
354453.56
74145.5
34744.414
301180.97
5654368.5
47843.887
22012.094
8308.993
8175.8394
6490.256
4283.7705
4290.299
