634538.8
2200739.5
621036.7
381917.22
6039106.0
1418321.0
1505907.0
1402373.1
2557311.2
1028490.3
2235642.8
1234917.8
1642225.1
612224.44
128908.13
1832053.5
2500657.2
1908913.6
1415770.9
1137304.1
788392.2
1544875.9
121602.01
342167.56
1565646.8
1060210.2
5804033.0
2091514.5
1538175.9
1537750.8
682628.6
1440383.4
647869.8
1677231.0
1112270.8
1244769.1
1009540.6
1004632.75
547667.8
3083470.8
3680359.2
331014.25
2205228.2
279953.97
6659345.5
424138.2
2005020.0
2194835.0
1180027.9
9818394.0
1165026.5
166485.23
406299.34
2027663.1
1408511.8
315564.53
2877990.5
2774454.8
22147.031
203482.97
148243.06
148243.06
