10792768.0
20015.28
2045604.4
1764841.9
625766.4
1240436.2
7993540.5
3918208.5
3045041.0
873690.6
1112833.4
1646220.2
1370155.4
4257894.5
476083.03
449114.4
83102.5
4698322.5
1145391.6
1516084.9
2897199.0
1842025.1
1578039.4
7700071.5
2915020.0
3599659.2
1555703.5
2123614.0
1789402.1
5502.5825
1525961.8
71541.98
1746016.8
499020.16
3477497.2
1127244.8
3345417.8
2384005.8
2056971.4
4513793.0
5942093.5
4488080.0
3411180.0
573354.9
916390.8
9100628.0
515409.06
1036338.75
936767.06
1129432.2
1924629.5
1258082.4
1000299.9
2467288.5
580545.2
13498.585
5119586.0
4858584.5
124007.47
65596.55
264194.62
177308.17
177308.17
