172560.94
1378660.6
2977227.2
421960.47
2604887.0
60637.113
482880.34
6258634.5
353317.16
308576.94
3719865.5
4616547.0
2915922.0
3026769.5
4038324.5
1341039.0
561473.4
351507.72
7664396.5
1289.2344
472319.0
1794956.8
6881382.5
722323.0
4597656.0
1078651.5
2042172.4
3243822.0
1730862.9
683295.8
6908409.0
968315.56
809116.06
110007.11
111030.72
2085521.1
1212576.5
1758460.5
2954965.8
4100539.5
1024338.75
3022260.5
3366274.0
977914.9
1256463.5
9067921.0
840899.1
174405.45
4999352.5
1856130.2
2422379.8
2292271.0
1297684.0
1733231.5
1752.5094
2113.0913
1569.4557
1848399.6
23046.96
69396.15
