1730635.5
120346.1
124464.78
506659.94
6194421.5
886830.9
1404583.6
299027.03
160047.0
2409551.8
139132.08
326866.94
559795.5
3038068.8
125726.31
130121.1
626749.3
2268110.8
3971580.5
86103.336
227007.8
140208.47
2832299.5
4518163.5
18812.283
26235.414
733349.94
888309.8
4125303.2
29879.56
29508.557
230348.19
336689.8
1429714.5
33573.637
34786.56
505975.1
4215564.5
6695557.5
27449.543
32665.947
5606491.0
361725.38
781939.56
306735.06
587025.25
481846.66
939297.7
722052.7
491011.5
331015.88
31223.139
621889.94
216729.62
166733.81
120544.82
4112.278
895889.06
253870.73
1595866.1
524476.5
