2363.5186
3729.7703
20756.906
406106.47
34793.402
1105995.0
624818.3
221718.14
52875.94
5053271.5
939586.4
990666.3
494365.3
450103.2
935689.75
164319.03
180836.0
3550061.5
3401.329
3962.5623
2115206.2
6106040.0
247490.0
165037.38
64026.266
3229916.0
555948.8
1947455.1
2197549.2
142796.98
403691.94
1044141.6
374485.25
1131860.9
1283288.2
1525866.9
99902.37
864288.75
3621930.8
4486542.5
481210.97
57746.164
1534866.8
1267328.8
1291271.0
2717876.0
4897622.5
286004.03
281127.53
903084.75
937506.8
37446.66
414162.38
1177293.6
18205.678
13328.491
12283.954
12224.344
12418.147
314360.66
501050.2
148243.06
