12049480.0
1549570.6
1363700.9
966767.5
2271428.8
3231865.5
4115201.0
2209490.2
1749247.9
1036024.06
1052105.2
1318415.8
2115641.0
1709860.5
1070780.4
1503200.6
1522883.0
1097048.6
1721703.8
1775084.1
1736349.1
1415651.1
1337505.9
2751137.8
3475187.5
1018185.2
381523.72
910127.5
1972804.8
3612579.0
680090.9
891018.4
846737.94
645414.4
428561.3
327730.34
313717.75
1346944.6
2059920.5
1770887.2
2135275.5
1774599.5
3245210.5
658849.06
482071.56
189466.98
1412025.5
815452.4
547279.5
1271534.9
573217.44
598647.9
1561418.4
171605.05
13892.138
13226.094
13323.591
13790.632
107313.375
110113.22
