8253957.5
1835370.6
391757.9
490765.44
1770356.2
2729226.0
692009.56
1694911.6
15205.892
4990192.5
965746.7
14404.116
579401.9
2004836.6
19314.643
1911900.2
4512.3037
4584.2417
2858931.8
442122.72
716843.0
484200.4
58562.664
216185.39
178573.2
179343.98
128770.46
613741.5
612142.8
1049044.1
2347935.0
349504.56
1241140.2
2118401.2
1092450.0
949832.06
532506.9
166746.4
4212853.0
469457.56
1208092.2
1454105.1
956612.6
380082.56
931034.3
4631512.5
1976224.2
69634.8
1229534.1
199049.45
106654.0
564279.8
1996357.9
1872392.9
1221283.9
233984.55
239413.17
197025.23
72148.22
1087462.8
2080482.0
34110.684
14443.449
12711.552
267846.3
