1053531.4
1949947.9
256560.33
378854.22
65146.145
137605.44
119654.39
125315.46
46590.164
55684.562
96086.375
1272463.8
35979.145
46890.848
2787635.8
1128.4832
39283.82
28090.31
24786.484
1374588.5
5503.5073
2971139.0
314344.38
1618778.1
199662.67
31255.36
32324.26
101535.21
66695.38
251523.22
229734.73
6066627.0
277825.9
125593.65
1354910.4
5421.32
2776018.2
68034.77
332438.03
49863.832
1464729.6
9492.437
221035.34
12690.936
26924.89
71537.24
12289.897
14446.993
104352.336
56463.81
63917.24
1377196.1
17683.93
3947.359
8477.424
23967.28
177787.1
219512.8
66584.6
3872.735
4147648.5
6196.748
118242.305
17017.53
1355948.5
26283.6
14860.08
26263.586
14483.144
23025.695
477053.3
4074.1833
78157.01
108892.62
148243.06
