9367980.0
3774855.2
2068564.4
1670923.8
291137.8
2930928.2
239925.77
177682.2
1403506.9
334242.72
8306800.0
2584.0232
5290.3545
1585773.6
960209.44
800783.7
727133.6
422112.47
901732.06
1543897.2
1438576.8
592346.0
1352320.6
49316.555
736458.4
1552160.4
1034555.06
1952480.6
1067577.5
1149176.5
1990202.5
1818864.4
706219.2
2183657.2
1714001.6
2312788.8
4809935.0
2495601.2
2152388.2
1806008.9
3523876.2
3992767.2
6803204.5
11475915.0
4205978.5
1075831.8
857152.56
228739.11
196939.64
516786.97
404683.22
1093155.8
1674423.6
721148.0
345440.97
443468.97
3516510.2
549430.7
973185.6
864780.94
2145133.0
5774323.5
1075367.6
1275283.0
1800640.0
1264848.4
823760.2
595298.75
1381221.0
1048292.0
901349.4
711723.06
1178183.9
5364354.0
22721.996
28270.959
2876216.2
1019555.2
434582.62
91147.43
5695.27
585695.0
56747.566
6548.248
6558.177
2191637.5
3727980.0
