72355.22
37167.953
297001.38
384079.3
159290.31
1170803.1
246970.48
1911982.8
101487.68
203584.27
39525.05
1466692.8
894472.0
193150.23
817651.1
391701.22
742830.8
73589.74
458266.2
556708.06
267947.38
435050.66
139389.25
824034.3
1581495.5
1330536.4
422821.66
742002.4
1627598.9
1248729.8
198492.81
280773.38
661197.5
526555.44
246858.11
2805427.8
889424.44
332704.1
1884333.1
83204.336
310868.1
286777.88
1046962.06
735514.94
861212.56
2623187.5
1309247.4
606584.1
339018.7
735601.5
709925.5
668066.75
770901.6
408902.44
331612.34
839301.9
205715.84
1025834.94
420116.78
274570.28
88953.2
2001285.9
401669.6
621490.9
13300.354
1679807.4
18190.348
22472.586
699623.8
6070.568
3536.543
4622.265
2452.1404
3587227.2
2486.9338
