236053.17
799466.56
3562893.0
1736684.6
4487844.5
357686.34
3968508.0
2538909.5
87129.97
2817075.2
746203.5
2494296.0
308732.03
729861.44
1958318.4
2167105.0
1126.7491
775991.7
326383.53
508962.78
9120423.0
2562431.2
3861635.5
4929771.0
787383.2
779451.25
335572.5
101367.34
132741.2
1036363.56
1464571.9
3288091.0
1231465.8
1157876.0
1509778.8
695246.5
2899412.5
1171173.9
490136.28
1616482.0
1182891.5
1413875.1
1795724.8
1448597.0
770962.5
666504.25
2395338.2
2197865.8
22614.936
361733.62
45098.246
295293.84
625106.06
2192958.8
91022.04
4544.1187
403467.03
110541.36
22027.91
2998841.5
