2323094.0
3360356.5
2855911.2
3502212.0
733382.56
3018928.5
1762648.9
984625.3
1423150.2
226169.25
1497343.9
709645.0
2253103.8
654361.2
434701.9
2958216.8
3461654.5
1195189.1
1266785.1
1126499.4
2304105.8
526380.8
1739743.1
1477343.4
1216297.2
1821151.4
967231.3
1457448.8
55753.016
45977.004
80092.02
239112.12
703950.94
684555.75
355852.16
1815053.2
3716609.8
181658.47
7012321.5
1190048.9
1129783.1
1016539.94
677408.0
1052991.9
768253.8
365009.62
3809175.5
1607921.0
1005181.44
1348559.2
1133149.2
2948570.0
1042863.94
1162098.5
2118493.0
2236422.5
5257457.5
617645.4
1444937.6
338952.44
64878.844
117352.82
53165.1
74228.86
467425.53
1261779.8
41138.59
108232.36
103979.55
187847.03
69480.66
917991.2
266164.3
158968.33
726855.2
1056582.4
874357.94
4794791.5
215240.83
362127.4
504147.44
759245.75
370693.75
221009.67
1627965.0
507397.9
541857.4
114288.75
3934986.0
29599.312
42189.59
225875.83
146230.2
