86989.47
796572.4
275807.6
233159.33
462288.16
303161.0
1691155.8
50617.645
771111.2
675523.94
248552.52
291676.72
4819052.0
381957.97
27626.752
817081.25
1312325.4
359308.8
136409.27
1237881.5
1888333.0
3106443.0
386451.47
1496144.4
1869360.6
778349.9
3380083.2
503073.2
279147.47
2782659.0
538491.9
1161873.9
2158504.8
902826.94
4780320.5
2177973.8
98628.37
4457663.5
2353467.5
2122233.0
1260871.2
100537.7
166338.86
197614.53
4148555.0
3974555.0
332500.06
2304784.5
1267434.9
513654.28
2196508.0
1340519.2
2958967.0
697382.75
873481.1
1846670.8
977199.3
4043076.2
211094.4
18103.512
