61691.15
20499.582
15835.452
302616.66
516414.5
603279.1
125978.72
73927.664
406088.38
538202.94
163754.47
10793.046
230524.58
109290.04
184243.02
260394.08
47719.367
110857.766
355008.84
10421.6455
52767.285
65837.05
153497.31
94563.65
176649.31
96118.13
400028.25
61906.664
21041.49
226840.33
1210099.2
2804768.2
1906952.0
853329.75
1707869.9
1352263.4
1447364.1
1090831.1
1207799.5
386350.9
115785.02
164109.92
251551.48
153017.25
57679.586
166254.19
212678.31
467162.97
400381.97
182507.31
397040.6
126954.25
445856.84
768365.0
230569.58
501578.9
606654.75
549026.6
470501.28
556371.56
