4715992.0
158090.56
375034.0
876284.1
595018.94
182896.48
37945.664
808058.1
90338.24
1303133.5
18709.436
93652.6
56720.156
185925.89
713540.0
284784.9
616968.9
604457.2
143142.27
472379.7
114114.94
312816.1
248782.53
156502.22
35082.23
397722.12
115222.83
68579.5
80384.625
34911.688
100446.25
1267211.2
1753996.9
507882.66
92837.625
43886.035
287896.5
130111.75
62611.875
1131870.9
756153.56
862610.8
134469.81
160494.75
141888.55
71565.81
3878.6682
122922.93
332956.03
511706.72
717047.1
1634605.2
1934842.4
173032.34
1094887.8
396526.9
566423.2
518270.2
1797737.8
966069.25
534606.25
271083.97
442189.72
870343.0
101521.586
154072.27
186369.88
191975.5
345393.22
161514.92
914883.1
496273.78
1697061.0
501373.06
1709634.5
1115212.5
525281.5
396856.28
30438.525
793175.6
181943.45
