268085.53
28305.057
419717.84
7049019.0
561105.6
681378.3
480415.47
1484207.5
16062.208
12329.112
26887.871
12799.729
27685.879
48018.88
35605.44
1003228.25
6519.434
17807.303
18094.748
1698209.9
1003776.2
61123.227
877497.2
884215.7
10250.125
1746969.2
20232.172
218073.77
1367543.1
1707400.4
796719.8
191334.14
689738.06
1016876.0
182248.3
2380265.8
40801.543
1253617.4
380728.34
674590.3
1040307.7
5646558.0
556429.0
669656.7
40586.82
546906.44
1506450.6
664803.25
234693.48
7426325.0
1916168.6
82456.6
1356651.1
13957.099
105971.484
879559.9
192489.06
187582.17
1353556.2
2484179.5
16263.258
172252.33
92745.234
202586.52
