30511.764
1092109.1
570076.8
53643.5
61823.312
1871928.1
32271.064
358607.28
35775.41
20381.559
32601.055
1382385.1
31342.664
58448.074
26856.13
1165337.8
33392.55
8737.367
51190.746
47184.17
37487.445
13136.344
251506.56
12300.606
3091862.8
737607.2
628886.3
28140.166
2964958.2
1011134.1
5000657.5
709800.3
1006376.44
1260503.2
94517.71
114367.12
176899.75
8671361.0
169373.08
1782414.4
2084922.2
1486813.0
1303421.0
5871859.0
488478.88
380861.47
443984.8
2500962.0
957033.5
1323463.0
3062288.2
6028314.0
91222.13
25873.771
663316.3
11636.449
12702.532
964984.94
13766.154
808877.06
