423875.47
629190.4
57386.84
354555.25
143820.22
1809851.8
2697849.8
821667.94
1050633.0
125600.234
2742660.0
1206764.6
2288606.2
3563834.5
2609575.2
102949.93
6960298.5
325563.5
171687.0
1284706.4
5136722.5
50593.016
2485149.5
2652094.8
3197355.0
2807927.2
856179.56
449375.44
1600036.8
1608820.9
1620647.0
1745910.4
744783.6
698157.5
1793075.1
1350655.2
1833123.9
2635389.5
33886.203
818119.5
4260651.5
1691404.4
5019104.0
1155093.5
657593.8
1949087.9
2355877.8
3121659.2
321920.66
389371.28
1074266.1
917072.2
417384.5
2435473.2
309219.72
1985301.9
2281599.0
1933659.6
4635459.0
808060.4
1946887.0
2238523.0
3256757.0
726012.0
5954381.5
778365.75
1306845.5
2987662.0
3502207.0
1484548.2
10259894.0
322280.62
82390.71
