9351173.0
8604.72
528061.5
4118.753
2886.9001
2903245.2
51447.734
5890807.5
1379088.4
11655.915
3840924.2
1074200.8
1266642.8
13538.58
1353633.8
1576352.6
72070.54
1098988.9
1692449.6
75267.0
667943.4
57680.758
5451837.0
10006.517
546537.3
14511.135
1672225.8
550567.56
57113.426
1480.2731
2631530.5
354743.56
253977.55
1982611.4
26484.049
2832394.2
30288.24
3042880.0
10717.6875
2035131.5
2723246.2
336516.72
615774.56
1731750.9
5696.986
27605.803
11534.939
11208697.0
15100.431
15519.945
179542.36
148243.06
