2365224.8
84212.555
1435226.2
503871.44
1025836.9
714152.7
956104.44
1104055.9
728970.5
849593.7
1932912.4
701806.8
2099960.0
408501.78
158677.64
2783352.2
815859.2
2113765.5
2807494.2
1301510.6
1366187.2
1870661.2
604647.6
2425842.0
758136.44
3894264.8
913835.6
136570.77
488770.25
210934.7
2667814.5
172531.36
1644855.8
1138001.4
1307078.1
3905438.0
377984.97
2118521.2
710856.94
2591416.0
1141455.5
691824.7
759806.56
364392.72
696781.9
2943375.0
1709437.6
505024.22
604900.25
764992.2
1597293.9
352694.47
469317.88
7773802.0
4284915.0
534853.44
1378410.1
1066729.9
1447914.8
147660.86
