4257960.5
472086.3
3085170.2
2598628.5
553580.9
56863.453
2207593.2
914953.1
976232.4
1934245.0
1987058.6
3213467.8
449491.4
472779.62
607228.3
1424693.2
3489213.2
102579.46
233263.22
668010.0
81987.05
124395.69
1969715.9
23978.4
1232544.6
99579.164
897900.5
1419529.2
809092.5
276731.28
812551.2
2743887.8
104444.77
105192.83
400679.94
143475.0
96278.35
2941382.0
475313.72
598833.6
1239294.5
26868.883
34679.11
842150.8
2709167.5
794706.75
413181.0
18792.865
16758.527
13403.367
7313506.5
36377.133
21332.697
2097.8784
3871.182
4224.5083
4190.39
31052.668
