11002787.0
2304.44
3825.0146
1343212.6
758.25415
1299394.9
1880.6439
2361444.2
231540.89
9291384.0
117693.93
158376.77
230472.77
237918.67
4316017.5
28739.67
7117.7427
269522.88
73888.75
6862496.5
33995.137
34464.395
242689.53
1791402.0
1842063.0
1556497.6
767045.2
3527126.8
1728230.5
874324.25
7383208.5
1911417.6
781482.75
262162.12
1452356.4
3619164.5
2238936.0
1544534.4
4433819.0
1961872.0
1949696.4
514802.34
2685514.2
1261979.6
2139969.8
6848525.0
2173680.0
1215478.6
1413489.2
713770.8
354114.47
375443.94
71905.32
630043.3
19862.941
777516.1
3474501.5
674816.06
778071.25
7986.265
142528.78
