277505.3
451865.94
118162.57
347706.62
767288.0
458102.03
689301.56
240173.78
189352.02
240048.86
936501.06
59664.766
540905.06
429488.75
36918.035
646102.25
640788.2
149679.14
650698.44
26639.69
355365.84
608069.56
226518.19
1408892.0
781173.5
332249.16
828536.4
343986.84
171877.28
399657.8
131241.44
66257.07
679346.4
432704.44
195890.53
873064.8
798611.1
70140.79
416086.38
122387.68
26041.025
7501.1836
1673152.8
1133190.1
369985.3
130195.375
603151.06
489592.25
80335.31
183951.69
438356.84
361272.72
1240437.6
279731.9
232882.52
400133.53
610960.6
557180.75
1295779.8
975307.25
1065476.1
697431.56
14967.841
291075.9
784088.7
1303726.8
1682093.1
1138245.1
511937.4
20058.941
9675.248
17937.24
800754.3
8440.027
5559.717
404958.8
25216.387
25923.564
25923.564
