426193.78
419925.16
392885.5
379110.5
1036393.44
1398263.1
1046737.75
4998712.0
529148.06
1689834.0
1459153.9
1135101.2
1584007.4
1089169.5
963950.5
293135.56
2513228.5
264909.53
1971414.9
567587.1
521753.38
472099.97
2739385.5
411299.56
6954722.0
921756.94
1937121.4
1112275.2
369061.06
3698799.8
156475.64
223543.39
1020813.25
306750.56
335400.34
4906482.5
1534812.9
898312.5
180066.98
137434.47
672034.75
106091.125
880421.7
2341029.2
2743026.8
2032408.5
278430.72
3187085.2
3492196.8
689109.2
13513.2295
28432.646
4944991.0
839516.0
1232005.0
1177753.1
708648.2
515986.9
13391.371
1532554.5
69172.766
122597.984
53856.266
2017815.1
132727.6
31058.754
28678.41
6470037.0
316848.25
50402.164
50536.906
186843.23
