8569.771
9099.502
7602.8687
1016781.7
26640.178
10122020.0
88756.42
965560.75
21394.367
2377067.0
70217.836
12453306.0
162958.9
1343151.6
1972138.4
2400515.8
292076.75
46957.62
732647.2
40147.574
18927.508
13732.379
1968984.0
1209844.9
83341.42
84279.58
347049.97
13827.188
556365.6
80837.49
112688.61
32592.387
1015056.0
918623.06
1409800.4
2009545.4
389144.56
705166.25
2553372.0
275004.88
1496524.6
1580675.8
1040936.56
2507149.5
166517.98
379597.28
3763.184
1761359.4
109144.2
2091432.0
24486.984
917597.1
92384.66
2073015.2
28359.678
20196.486
1096463.9
1617187.8
5766015.5
35027.297
12973.89
407829.38
7186803.0
37684.414
926628.9
315291.94
473473.5
8798075.0
1326244.2
436740.62
4286989.0
465689.56
856598.3
1934553.2
4964607.5
3546176.5
39958.938
437451.4
7049734.0
109092.6
2150302.0
1448019.9
412434.2
1507400.1
1052114.0
7057664.5
58626.934
242864.66
2759.963
370989.97
48211.305
8249332.0
989364.9
1563116.6
114304.945
147284.33
1101976.5
77401.12
367613.9
10993.847
2137613.2
33334.316
21409.916
2009889.5
735098.8
471465.72
1891110.6
2158703.5
2305242.5
662219.75
485278.7
3862012.5
258440.06
456826.06
5638266.5
2885934.2
1494281.1
360521.66
456128.3
7056671.0
