116174.92
90347.87
47354.332
1593877.0
52783.043
38843.75
27249.928
8869.518
18196.115
24364.523
13245.468
943233.0
21963.97
327778.44
46333.953
1251831.1
674389.7
30010.164
4765.827
6312.4727
13006.9795
22621.883
5276.1567
16285.392
53257.754
16195.162
103582.664
12030.935
247784.0
4696.8335
11725.421
14323.474
7611.064
4095.6716
1423.2125
1833923.4
41865.473
302752.3
44594.47
1764672.2
40766.582
1238417.5
105850.38
248257.92
1890356.8
23151.852
66323.82
1286281.9
896564.4
453678.78
157532.64
318848.56
82771.055
373556.9
17733.604
34163.37
8587.026
1251880.8
176811.77
808677.4
438791.25
199484.22
1823714.0
838997.0
689305.4
487190.53
1330082.4
674772.7
133550.36
249423.88
879837.1
232262.7
449482.88
428835.22
741584.75
51087.88
319397.4
493938.62
749452.1
109808.42
197535.14
157049.34
1386011.6
7310.939
353944.78
1888736.1
1382231.4
45111.543
120935.08
753155.75
118165.85
1921330.9
6782.7954
11915.577
2447.8894
3298.993
1095.5187
9471.123
541657.94
419815.1
634094.56
868028.9
149388.94
194482.55
261184.7
409017.8
85190.57
331414.9
1750358.8
1609887.9
1215547.2
114890.81
62919.95
2472481.2
372261.3
439464.3
314401.72
115887.445
624086.8
24130.352
