2395935.0
2711623.0
1399909.2
1929028.8
971109.2
477307.06
717938.7
936088.06
3901066.2
1463356.5
1377861.1
452696.78
641637.25
1284255.6
229040.16
2560997.0
3100307.2
700452.56
3190145.5
3209231.8
32553.883
3112788.2
2260272.8
2477718.5
3385431.0
1413129.0
2242979.5
387892.84
461364.75
838205.5
2296399.5
1608834.2
1801886.9
213383.88
1283377.2
1211060.5
1315082.8
443825.62
30201.455
1117845.0
805834.56
806139.56
421820.0
34626.5
31819.021
53551.184
8188.9785
5225.2837
13467.147
5810.8813
8116.2812
12421.708
15867.945
699.5707
11312.866
992139.25
323122.62
255857.39
7459408.0
1085.113
