7090737.5
1886483.0
109369.43
537736.6
1179170.9
435958.56
7012485.0
729300.4
509686.7
259808.27
3647449.8
2880090.2
681571.5
1475173.4
1145704.4
43645.23
8857110.0
1964318.4
867226.5
2871253.5
141388.47
1396803.6
11363506.0
360041.94
1071653.2
4879664.0
1968891.9
1090835.1
643216.06
210975.1
5390830.5
2314790.0
5616098.0
1836763.9
509483.53
203868.62
146916.7
2430010.2
4753857.0
490453.88
329850.3
319197.16
853203.0
592924.8
35950.773
149059.5
1052029.1
97848.82
2752986.2
2301074.5
216979.6
35402.637
41401.38
50310.375
30912.566
10212.809
2186776.0
12306.138
12246.955
12207.545
11166.674
