119036.2
117246.48
164487.31
161156.31
46247.363
310453.66
6923367.0
420745.38
5455422.0
3601413.5
180490.78
330033.34
251991.47
215152.2
187604.53
165621.1
414595.2
15154.003
168098.89
21797.633
3353533.8
23595.666
22322.418
666007.75
922745.25
4786476.5
131166.84
895203.2
2178671.2
13504.604
3353665.2
603122.4
72062.38
3481770.0
4442323.0
1420477.6
3962877.2
9323054.0
438895.12
601311.3
297023.62
8645354.0
1376299.9
720946.0
89235.766
88471.83
4630655.0
2103508.2
462596.84
727507.6
1129167.9
1907294.8
929555.25
171199.66
2395625.0
1286531.4
41636.99
4311906.0
3862158.2
643203.9
715970.94
4514884.0
1480565.9
3521262.0
2053636.1
5058195.0
2475409.5
226191.92
2348003.8
2329637.2
1591310.4
2016177.2
910651.56
4693628.5
821135.8
2686337.5
854234.0
574094.25
3174869.0
2012958.9
628895.0
2246575.8
2983330.0
1349009.1
443050.3
445253.7
15576.812
629826.1
2023792.5
14967.247
319234.12
8632.482
914499.8
1203589.1
981171.1
2277205.8
549263.0
59869.7
683571.6
957587.1
2091973.9
3398060.8
605796.75
297897.38
1392962.5
785307.1
545571.6
1440175.9
181119.73
2075364.6
811630.7
1072755.4
