177308.17
3525865.2
317457.94
467386.16
946133.2
1568099.2
2767233.2
2669365.5
733050.1
1190881.9
61176.387
329641.44
619617.2
432486.53
1109135.4
2546131.2
847447.3
645787.56
235725.52
1259934.2
2026555.4
2058996.0
67934.73
1524120.0
5365333.5
1337564.4
5316585.5
1300587.1
744136.56
390570.4
304515.12
1896082.9
2653813.0
2997228.0
875491.0
201073.89
287980.3
1511189.4
2354423.0
1972626.0
1559023.2
110493.75
1632142.0
442218.6
66641.6
106112.34
104832.81
109741.32
46266.14
101239.664
32795.465
52845.188
48595.234
568989.5
80360.59
1257783.1
167020.1
204867.55
68001.31
67659.64
36126.81
177633.16
177308.17
177308.17
177308.17
177308.17
