11396736.0
17288.436
638873.4
962776.06
2565238.8
1095777.6
487352.97
1150347.6
1531201.2
1861116.8
79646.91
66646.53
21420.793
78827.98
5535.277
88571.5
16889.271
114461.734
15446.765
238166.94
241122.66
345611.62
12616.22
5011.1226
1946.357
184231.8
33744.188
1895565.5
642976.75
38918.99
52013.082
26050.084
2967.9683
45870.875
26460.111
12075.018
40938.57
586146.7
237512.84
244227.17
263554.44
266119.88
307154.75
342091.6
348408.84
211852.36
337825.7
1268527.2
29941.545
29407.83
767819.9
222825.45
1165675.8
1800755.4
995045.56
312636.78
108957.61
55063.19
49637.426
21188.547
14893.988
4956.2295
55974.38
397026.12
1356912.1
1106138.9
188261.34
78593.18
36845.99
115377.2
72900.06
18748.047
13051.634
