17184.688
17508.562
6565789.5
51547.5
1188514.6
31330.127
34657.83
2079429.8
14336.629
10085.27
607709.8
113764.74
139745.42
1954181.9
164933.95
30310.398
19821.586
1667685.8
57510.59
1094655.2
16411.652
73001.46
105135.61
84553.37
13316.422
18197.773
942791.9
257407.55
1155424.2
969516.94
2481194.2
826639.0
225726.33
1003073.5
147374.72
545612.3
10995.022
251073.78
8065.3
8624.343
7486936.0
2161823.0
3671653.2
2495518.8
2549542.0
162235.44
169132.64
486851.3
91153.984
92835.51
50208.582
126206.92
287016.78
1295958.0
7761.8164
443134.06
103162.91
196269.6
177881.53
220668.83
51517.637
52304.324
1600560.2
19734.916
140338.3
93929.93
299015.9
1030149.25
6112.8564
1003895.0
