362117.38
34166.996
2195.9675
3140.106
1087291.5
47954.383
442269.34
97235.35
454433.5
2306.067
6050.122
542928.44
302071.16
32200.361
1985.7682
325998.2
10071.805
419647.56
151844.52
2667688.2
489436.03
1334.2278
1661.5276
1330812.4
53863.742
3657.146
2067864.2
1447.2166
33605.83
1155.6896
1029.8416
1063.3695
1551129.6
1113506.8
188633.03
1155.6755
4749.5317
937130.94
301160.03
3145.679
39328.88
26754.373
1484021.4
2267499.0
159617.42
62143.535
1182483.5
309135.47
1957.7081
298189.44
508405.44
1233021.9
10527.04
1044046.75
3799565.8
450673.47
190218.14
178849.47
293184.53
138688.31
297721.03
884326.4
148596.03
3654.6448
3705.3042
1983242.8
39722.207
9206.392
7121.969
88575.35
1962307.9
315987.3
462807.12
1427400.9
36931.91
1639.4288
4664.1367
769.85565
599.1078
2885929.0
2721.7786
61486.117
3525052.2
233592.77
168319.28
67594.88
904688.9
208900.39
5212.0293
1124.8613
1124118.8
1337.0265
2002.4553
81205.29
1238.6221
1434082.2
208.77383
718.96655
913.766
169.18083
1297064.2
9167.515
13087.055
6208.2856
