1089842.8
1336560.4
464642.84
119856.28
252429.9
1868276.4
596576.8
863255.06
244980.22
2282181.5
1739357.1
1260194.8
1926047.5
2942590.2
127669.54
2064321.2
172498.94
1178229.0
4312996.0
1069395.0
1460225.8
1611551.5
1525670.9
1303370.5
33268.047
156188.06
35655.906
1044354.75
2964057.0
202954.36
71392.21
1058864.0
453816.3
3407417.2
332000.25
155328.14
904539.1
576635.5
734327.44
1010231.0
367453.3
2024029.0
487716.9
3685745.8
1033522.3
1220116.6
500414.9
1152143.8
261199.73
1236801.5
1472186.0
1246611.6
366044.62
3835318.8
1298.9672
8840.587
10346.224
1592696.8
177261.75
183733.7
115100.05
152075.38
50437.35
111534.1
42530.145
232366.5
105847.13
97730.44
149462.7
110323.03
247527.47
223071.56
184985.97
71775.81
26132.07
23861.627
16197.221
18095.5
