842834.2
191583.47
1618067.2
569101.9
387678.72
565313.75
985666.6
3535539.5
267603.62
6569999.5
2201921.0
282706.2
1643074.5
479693.78
1998436.4
1744739.5
1693666.0
482042.7
383728.44
2929672.2
2215507.0
390100.38
2312358.8
228020.61
431584.12
946935.1
6118456.0
1609129.4
1134439.8
1755464.8
1045064.75
359133.88
5918638.5
199442.0
1171708.0
1090935.6
792943.5
594891.6
1225822.8
992088.5
445178.34
1360330.0
398235.88
3687684.2
2545278.0
1267456.6
354146.62
927481.4
2570489.2
1898203.8
10391886.0
91707.74
11295413.0
616185.7
1534116.2
810594.06
2630066.0
910032.5
255310.1
1689528.6
6046290.0
376983.94
2759079.8
117562.32
3807894.0
447325.4
511640.66
315664.72
664680.2
601780.25
1148646.6
4266209.0
3259372.8
1050374.8
423062.2
671322.0
509436.1
1904491.8
1642789.8
1587107.4
594032.0
3449593.8
925565.5
9189979.0
207260.69
973106.9
1123693.1
8268114.5
2461000.5
672301.5
3646693.0
1518716.5
305535.88
441883.44
21117.676
523017.1
8485191.0
12564.752
5435.497
