153924.73
292880.53
206881.2
684463.0
1900991.1
148600.45
174762.19
25495.412
104629.39
133442.67
363217.53
114460.07
6973991.5
74584.4
1051889.2
69288.125
395808.16
18998.36
14186.289
1954449.5
23855.242
419078.1
129517.945
1142278.0
82522.13
906849.75
1254261.8
113688.39
309865.88
239673.92
70513.96
3456291.0
35404.6
73917.44
173947.48
819463.3
5263.665
364.23804
12234.073
3036.221
2830199.8
7882.6514
399935.6
42967.88
16229.401
7212.7964
1253202.5
43786.348
25049.545
24787.307
22744.393
3029909.5
1618249.2
296231.7
289393.4
407463.6
582639.94
838633.4
339467.9
2765864.0
12249.053
2617.882
1037660.7
141996.03
1667031.6
17347.604
2752186.0
78271.84
63234.652
50423.68
183768.75
253281.55
806339.8
96235.92
22881.951
1022851.8
1121105.6
772568.9
788706.7
610938.1
506202.25
1265458.1
29052.246
696177.94
36918.61
23072.174
2600.7898
26458.918
23389.602
26510.635
24423.469
354264.78
