275991.5
139549.19
47319.992
99724.71
341224.84
216490.61
340825.34
458608.4
324350.5
180858.62
239400.98
150250.42
360121.6
222043.73
709552.75
230293.47
697202.9
229690.03
173977.6
142985.89
409559.75
69376.57
533515.1
391745.47
91871.32
347126.66
443942.8
482320.75
188666.97
254726.92
819613.3
433133.25
132644.25
224031.08
388365.94
169476.03
220560.55
620456.0
336310.47
496977.9
89774.48
307106.0
250033.83
276099.53
271271.56
237447.34
97100.63
176302.03
353515.78
336415.03
134031.05
462003.38
363507.3
189808.44
6516.303
142197.81
574044.3
324627.25
730791.8
216130.8
101537.586
33580.03
