52926.023
56548.324
52782.28
65517.367
595455.06
1612033.1
1032375.4
1593967.1
1110805.1
1219580.2
2142298.2
857225.94
360513.03
1827456.9
3726831.2
935009.1
625141.9
597363.75
1101092.6
2027038.6
1574369.5
1931224.9
2849993.8
484631.25
1249116.4
113092.68
284363.53
244689.97
793676.4
2190882.2
1446373.1
3813453.2
255159.77
149919.08
1651310.5
1151888.6
3485276.0
269075.0
932154.75
1766310.9
491329.22
12028033.0
268703.72
842811.8
59253.562
807471.9
184348.05
96903.31
75562.73
1242920.2
849094.4
2741215.2
2120409.0
1167209.5
286539.12
340360.47
921328.0
66925.914
452946.3
51104.07
89484.95
103074.414
153570.02
67832.29
36126.293
13880.638
8058.401
2108051.8
105148.41
9614470.0
56186.273
52631.316
52631.316
