3430.7773
1126642.9
8296635.5
3211.0935
6464.9326
72625.96
318177.78
3836.3813
248546.69
89073.46
148243.06
148243.06
148243.06
90879.46
81950.68
3013697.0
68932.83
17947.416
76170.805
2842441.5
130494.664
7237.1357
5943.359
7273.237
5704.529
7341.355
6356.759
6341.166
5987.308
8347.595
512544.72
8183.491
82010.64
4287.6855
3380.7559
1025320.5
33969.58
2042648.1
20858.012
650347.0
721990.7
17122.35
31710.898
25264.48
1457679.5
416589.03
124022.53
1195241.2
1075207.2
126737.41
1798064.1
613072.3
6060.6865
3026.3306
898031.6
69200.445
264452.53
3607.9897
90806.37
3214707.5
524959.56
136522.06
2189711.8
6860148.5
15661.541
647800.06
331155.16
329268.0
155741.88
463305.2
3921.3765
757031.44
6393.7026
6157240.5
21915.094
63683.01
37928.715
377102.06
20771.777
16165.294
243045.19
29381.793
767284.1
1992759.0
3101314.8
663728.6
2035.3674
6878.633
64337.18
1718176.4
8634112.0
17020.432
16280.199
260305.45
38864.95
11715.324
9045.857
12173.279
9293.0
213308.38
112545.516
148243.06
