6622173.5
716137.6
1268370.6
595502.5
1768206.4
1675568.8
752733.9
2892899.0
742771.9
926788.94
514116.66
506131.88
28042.662
243483.62
17852.484
17413.098
440881.22
19594.654
689957.0
2135014.2
632471.44
2493508.2
953652.44
944859.75
126461.83
6394616.0
423303.56
2992236.2
247254.62
195227.3
2815003.0
27981.021
86019.336
23392.828
214273.7
16957.34
120411.43
39209.68
22966.512
796733.5
349743.78
32080.818
34773.625
156837.95
59776.95
26873.799
131537.11
79579.06
105437.95
954052.6
120557.0
897651.5
149982.78
822699.9
321712.9
300474.56
78469.33
109836.82
540139.8
332203.22
33753.08
17220.635
542668.8
30583.605
49750.01
31559.312
3147511.0
88841.61
13729.812
23438.752
639187.75
126718.81
100716.375
199711.64
681720.5
600608.75
509514.47
39596.22
165731.83
1598997.4
1633003.4
45471.72
1645874.6
17267.137
42968.223
29591.07
54268.605
1344871.0
27374.4
18656.27
110744.83
20016.396
23932.467
16760.553
18703.064
7467.034
15084.824
1340553.1
41211.047
74519.68
41933.19
79550.2
81808.41
25090.742
27051.941
45335.555
652125.25
153139.27
