1170467.5
7626.225
8232.714
13041.438
1460813.6
117946.02
454213.78
833332.0
2809510.8
1268878.6
7003.903
50040.6
9909.189
25402.7
62087.875
40339.188
46366.15
24411.71
19575.459
15402.079
36060.305
19219.557
21122.578
78663.72
60195.797
74730.46
39096.117
25561.473
33498.26
51024.727
40618.94
83770.79
34084.59
47458.957
99913.73
238237.98
182012.23
148934.38
66601.74
14118.563
17426.775
96208.64
46402.016
91745.086
71490.36
745240.06
375289.0
485272.25
602624.0
6659.566
5122.839
27496.402
20735.87
2916.899
110712.44
558432.9
544488.3
