86204.7
1502076.4
895.60187
1041247.3
131838.55
1287220.0
1168066.9
568185.0
1619554.6
59629.67
40677.67
964748.4
370386.03
509236.12
34532.215
1163151.8
1122514.2
499830.3
858479.9
384242.7
19026.625
44855.023
440504.0
239995.25
609600.0
189697.27
32559.676
198752.88
99887.93
269191.0
516048.94
624522.3
220059.27
581228.0
51013.67
856865.3
764546.6
382264.06
615248.94
794997.2
18406.61
1234577.6
693822.6
20189.473
250761.06
706407.0
179395.75
472697.84
129302.31
76214.83
374299.4
195721.9
759636.9
508210.1
488809.16
485999.0
81949.945
284906.8
4727132.0
1159828.8
361674.9
46457.266
535714.6
485049.97
122969.07
130031.22
258886.7
973287.75
1418070.4
119754.55
4322.7563
143433.3
2567.3193
9761.349
9624.643
4606.1743
142071.7
233807.84
443090.34
1293264.9
2541208.0
52482.523
357027.84
511157.88
7727.2544
1334062.9
223436.89
156952.39
92013.555
3469.983
