16794890.0
1354524.9
912482.8
715296.94
413810.47
3848287.5
2155817.2
1930068.0
79922.52
4275502.5
4090530.0
299015.38
3224000.2
1306249.1
1808462.5
180152.03
2427837.2
794941.44
1871050.9
28600.096
102038.77
77017.36
23297.057
71150.0
484602.66
642700.4
2322459.0
77773.92
1861195.1
41732.88
171014.22
3531521.8
199319.06
786175.8
119669.77
131007.06
318020.38
842125.56
801222.06
357455.12
2790755.2
1460677.5
2714018.5
1617805.0
4020292.8
3685103.5
739607.8
337718.22
1729112.5
4443028.5
399158.56
3782702.5
258700.23
701395.44
95602.266
184452.45
34388.633
128868.305
31473.887
297716.5
9008208.0
