172051.88
177308.17
177308.17
177308.17
177308.17
177308.17
7774516.5
2035208.0
2424435.8
977093.44
129511.04
397938.53
1565881.9
833958.9
1297239.9
1073789.8
1387826.0
3861864.2
902361.94
750185.75
19837.64
145670.66
1209058.6
1858897.2
450215.3
1302500.1
867092.4
548834.2
2210421.5
1807286.4
659175.06
525378.44
3742544.5
2413301.8
768680.94
130751.85
1295524.4
551203.6
1403658.1
1864269.6
499460.88
1040642.94
521705.6
1596057.9
828778.94
1749304.1
2014850.4
478012.8
2381829.8
2386412.5
442138.78
69850.37
183228.3
177114.0
185514.81
177308.17
177308.17
177308.17
177308.17
