8016834.5
1844936.1
840482.25
1810095.1
1617776.5
7443228.5
371590.06
1741067.5
495806.8
6742180.0
309848.88
2802666.5
611321.2
1436202.8
1036809.25
128928.445
4532294.0
2652864.0
35999.008
1262422.0
2799623.0
1103513.0
2211846.2
1028330.44
4717008.5
3125593.0
1959546.1
1317935.9
3898292.0
883599.25
42808.047
1081168.1
490659.7
1144634.1
5499351.0
626652.06
526108.8
912653.25
963458.3
4360451.5
3046579.5
95273.945
741749.6
139262.6
3486397.5
121777.46
763491.94
902142.44
1241423.8
796195.6
201195.19
454336.97
349480.5
11228.8545
324005.5
304491.7
54917.418
53174.074
279084.2
142677.81
