1651.1677
11136.399
6018.9116
12502.01
15797.306
516667.1
103134.97
135744.55
133731.69
378075.78
865866.25
800334.2
121412.68
1325738.9
1100811.4
35094.582
207753.45
10206.496
1939684.5
1595704.6
47789.402
645373.5
1314799.9
730033.56
1538000.2
761195.06
1438521.0
667592.94
1164014.1
1636841.8
24119.43
682138.9
463279.66
744031.8
13121.99
2015.3771
781911.0
2064167.5
1116823.9
107416.65
21779.52
67662.81
10164.659
88904.04
449131.75
471924.56
429144.97
832536.75
22715.736
8594.204
363033.44
877436.06
1597189.0
396625.38
185184.05
88812.13
7482.5293
1064.6595
5129.1943
48489.613
177447.28
449667.06
189646.53
1752507.8
278431.7
1030236.75
12927.509
