148243.06
8670163.0
530794.6
3891623.5
1834895.1
316401.4
6092446.0
8076.5083
67381.87
3153513.2
214947.03
588636.25
82129.15
181928.38
97995.05
5078864.5
101842.67
373668.44
2389559.2
1072278.8
1133649.6
1686542.4
4487707.5
975231.5
387329.53
407718.4
107411.53
348476.44
311319.47
563929.75
393154.47
270490.94
31264.941
2407606.0
614011.44
607838.56
128813.266
922194.0
1115405.2
297655.78
1150039.4
345672.94
7795599.0
98685.83
346670.2
1866178.8
14464.727
432954.62
1266758.5
1013844.4
1576947.0
1229717.4
10527730.0
27005.62
29484.377
543972.1
108552.56
146230.2
