80341.45
89238.836
38804.33
154624.14
7666422.0
50234.867
42595.523
52244.203
201498.3
153497.95
166280.25
613117.94
2179773.2
118861.71
125836.12
2514556.2
260947.56
65996.445
132436.89
123513.625
176018.55
87582.836
118998.99
42227.57
136513.31
456264.5
7094945.0
14436.346
14617.341
17361.371
15055.828
3334895.0
150529.9
88120.31
131023.52
253428.3
1710241.6
115744.21
109046.93
95849.98
74177.3
1811953.6
101474.76
2513772.5
276856.22
2016811.6
777556.3
3077971.0
2091672.1
218651.45
129910.586
111870.4
3865978.5
775986.44
305928.6
288598.16
1609903.5
1554907.4
23135.48
877756.7
