1556535.1
1410742.5
4583845.5
3405839.0
979071.94
2285168.0
1379601.2
797729.6
688886.94
2389136.5
1621252.1
1359528.9
202101.06
1112575.2
200913.22
2769044.8
261114.64
1225416.4
1011148.4
1792137.0
2185248.0
3103736.5
1519200.8
2675569.8
2021395.6
1652472.0
4175525.2
2788700.5
292377.78
1191426.2
716790.3
2064969.9
120162.75
3744521.5
795426.5
387503.8
898419.06
159646.94
1512251.8
1680836.6
335457.06
2478296.5
1605676.4
2765478.5
2180731.0
2119264.2
1286796.2
969526.9
1344984.0
683256.3
817852.9
2035623.2
1372577.0
73161.45
878964.4
271495.8
684707.5
6521851.5
1488984.6
504991.1
263082.34
317087.94
579275.56
4282977.0
3174436.5
3929401.2
259186.05
2943015.0
346568.44
1688081.1
3076302.5
292167.84
2432076.8
852232.25
345140.22
110714.055
1252723.5
249680.81
3756297.5
141448.31
107034.69
130120.3
31601.844
29574.98
29636.285
113571.26
10503718.0
1560326.9
89991.17
