41130.66
108113.35
34573.605
838879.94
1467936.5
81137.94
82888.67
1550786.8
377231.1
634847.1
1418692.6
97171.69
713775.8
23448.406
102831.54
1115197.0
78099.74
33016.562
44310.3
109758.75
79712.39
1325209.5
111314.05
1235646.9
1780678.0
63782.45
40725.344
79981.98
45263.15
16026.052
1580667.2
692723.3
1674213.1
221634.17
2548225.5
1740852.8
1281253.1
533869.06
3371044.8
714173.25
358344.38
1157112.6
37783.44
1049679.1
368472.75
2627248.2
629565.6
1503429.6
1813813.9
2464804.8
93823.58
70960.32
160840.9
467392.25
7351335.5
136019.16
177537.28
500080.0
116139.53
9213.203
7455.975
7457.5737
265754.7
