36527.207
36749.496
37059.484
37059.484
83096.734
5851.615
15307.037
10753.257
21156.725
40552.344
175.60596
7766.095
7420.9795
25300.88
1641381.0
22954.777
30455.123
23748.24
35364.15
26456.535
11366.333
23081.777
29037.213
18039.148
30614.986
18398.215
17258.459
9751.105
12318.697
14169.305
670845.5
87356.24
22059.404
12950.976
28607.377
41080.9
9102.05
12147.195
31631.283
19579.691
44921.188
91902.4
82415.625
212957.78
276506.22
443821.3
1782465.1
338365.94
366472.34
310083.97
55194.918
138327.33
10657.414
32438.238
10037.595
99808.086
6145.4873
20815.932
6909.4053
30663.94
22335.355
15058.707
37741.754
120122.375
148127.66
54396.027
3864.614
381518.78
16891.863
181621.33
101359.32
72145.45
284927.3
176532.05
148071.02
56207.996
856276.25
7990.549
9956.062
3914.1187
9122.248
37806.477
11525.005
868506.5
101500.88
118390.88
191027.4
125141.766
157520.5
62943.938
49746.86
234790.0
118732.14
11305439.0
31775.656
192839.22
2725.5254
766.8926
164.23366
176.17514
