146234.89
2636279.8
81658.055
150094.44
7066423.0
1252990.5
1732537.2
917422.7
298258.22
3013258.8
1185395.6
858152.0
710779.7
498606.1
57932.03
736457.0
379259.72
324207.88
3299092.8
2212229.5
793487.2
613203.25
369382.47
4247843.5
663464.44
933468.9
2021248.6
736325.56
2909383.5
836433.4
1570374.0
331854.12
4386625.5
788178.8
1346668.8
174926.62
1080138.9
237931.38
29406.072
24000.4
3185996.2
6321011.0
148243.06
5730264.0
435927.12
744208.44
3137004.5
1011952.6
2437955.2
4804273.0
529079.7
685339.2
626023.6
666901.7
746481.2
552756.44
95144.67
2531984.5
511946.25
1095868.1
282861.75
694281.56
1047389.6
3836668.0
1443377.9
3580513.5
2671936.5
323227.44
726869.44
783859.94
135322.97
3912880.0
353763.78
1088952.0
1149461.9
2239688.5
6821028.0
1259037.8
81717.21
495370.0
198404.12
2765739.8
301723.44
471425.16
43276.625
134778.89
599415.06
56906.39
26153.365
234162.12
707570.7
