7500116.5
890681.4
438347.78
2006447.5
629025.2
258241.08
1535778.6
2052909.0
2010436.1
2314081.5
611103.75
595880.44
1152677.9
2216000.0
2379657.2
1577950.0
1882452.0
295435.3
446874.8
311508.25
806294.56
2051259.6
2863002.8
1050191.9
753426.3
660738.4
2757686.5
1136859.1
2040159.1
277069.3
527357.56
3450290.2
965321.06
857343.25
941662.3
4297164.5
2945798.5
493213.8
1728159.5
676265.6
1731395.0
1427194.1
360006.94
603465.8
1416427.8
2000309.6
171138.2
257770.02
2925110.8
254974.36
5265412.5
164504.72
466026.8
980568.7
432937.62
369442.06
607849.75
8576342.0
1228561.9
1004379.06
1806844.0
153263.73
614444.7
3137843.0
1042474.56
324478.22
295292.44
983123.25
805031.1
2986880.5
240351.75
368655.5
1720701.0
683757.94
1212859.2
1784338.5
266286.66
1345977.2
1715321.4
665731.0
2149766.5
1017278.25
337176.28
1550513.8
608279.2
889333.94
1631612.6
1246225.9
1265572.5
387606.12
1819888.4
108845.85
1924652.2
