129246.35
1482515.0
264344.2
539677.6
238928.16
88274.21
240625.06
2258399.0
10932.281
24570.133
443913.56
20383.648
20132.33
36905.99
21329.598
39266.453
18738.258
19521.475
1586162.4
289992.7
26910.688
47453.543
14230.29
104451.35
1743010.2
151185.16
29427.89
59432.457
43257.637
85153.51
1515950.2
17668.082
7496.53
16804.428
27177.02
1922791.2
178771.1
14931.645
468669.4
5273.796
4529.585
10526.494
2463718.2
1167411.6
3452853.0
1578750.4
32521.36
321298.34
885192.44
862023.56
505709.28
83997.02
1287201.4
9708.549
2593871.0
44932.4
1903427.6
62920.707
37631.95
450359.12
113072.266
110687.6
104095.266
756713.94
9569.19
197627.27
839412.2
156648.38
94597.055
52631.89
530620.1
33656.676
41607.9
1410103.2
19596.092
31420.77
57092.312
188331.02
3874632.5
195017.0
461963.88
1199331.5
54211.844
174419.98
25700.451
443279.06
10143.163
22746.707
2250576.0
13791.595
4420.932
8540.522
11182.469
7110.618
40399.55
975701.0
41878.043
32799.094
13441.894
426284.8
2630422.5
25215.678
4044853.5
530297.44
70379.29
55076.12
60598.414
356814.1
207315.6
2464.157
62912.12
81301.02
