1886879.6
217765.4
165468.17
391368.06
1673289.1
582040.9
3086348.0
377386.5
274303.97
1274969.6
284726.38
660009.1
181823.45
123949.54
469964.53
662615.7
9273.298
146152.92
509530.88
354710.34
627611.44
4526978.5
945163.0
320951.53
4089904.0
298066.22
527938.9
171298.0
527013.25
107727.625
402717.56
286827.84
108179.95
673098.0
824701.8
657189.3
1330631.0
141004.53
228021.98
329859.6
322883.72
73993.21
428079.78
319503.22
419955.62
1543842.9
393970.38
761551.0
329090.84
38145.203
67746.945
372358.78
253438.19
176946.27
901787.0
208317.88
3158499.2
21610.896
29733.527
18895.602
