8202812.0
2238012.8
219563.02
763383.4
1482951.4
54675.65
935912.56
57468.47
6054.0977
421114.97
644751.0
890904.0
139645.47
1983047.1
25814.508
1482551.6
64332.793
1129007.8
28552.713
106985.66
91603.54
82351.3
2870705.0
27415.0
878720.56
1179520.0
989656.3
35091.684
160522.67
836413.25
810663.1
1167421.6
4370859.0
270912.53
110320.05
1277618.6
879085.94
2494820.8
20032.26
102496.98
2172274.2
23401.777
2662903.2
116840.14
406181.75
4039631.8
1329456.2
190858.02
81106.16
2631781.5
893891.56
107211.49
956414.44
1443748.0
741953.5
1152695.4
489709.7
1336424.5
406902.25
925824.06
713777.44
296754.3
947117.4
596666.06
563689.44
326210.62
1036068.25
898472.75
2093818.5
1151158.9
308606.9
559977.3
2039192.8
1262811.1
33697.574
656161.5
145647.58
151462.06
