117484.77
116315.96
584292.8
16637.375
1601228.9
284978.7
212818.11
367447.8
274806.22
31548.912
162222.94
410452.44
213817.8
419010.7
74714.06
51546.195
475820.1
883683.7
1183907.5
134570.89
518004.56
432751.88
733879.4
329991.44
569384.44
513311.8
244841.16
616648.75
54171.35
249572.17
1072491.2
55767.43
1249317.9
1087054.4
482056.66
439545.6
95415.5
318399.9
274615.88
410701.4
703382.1
643942.3
110703.625
612858.94
107242.664
224947.77
128316.805
1384076.0
1188834.5
606951.75
608124.56
212534.47
383416.94
12085.472
107808.43
62954.125
6843536.5
15605.534
14170.841
147136.44
2380406.0
5082.5264
7953.3047
8360.569
8556.226
2813.1584
2658.8613
2348.3547
689.42847
454.47244
