530003.2
402439.62
623734.7
501795.7
837689.75
2579851.0
2397007.0
4414535.0
2002459.6
1063609.9
1270463.2
1497957.0
1661788.0
400856.66
2653797.0
311606.06
5095106.0
1756021.6
1125822.4
936330.7
6133315.0
875689.44
135621.5
2096275.6
704614.0
720783.06
3834101.2
1601836.4
921777.0
6157100.5
750157.44
1669281.5
1012219.0
529992.6
3539396.5
1097673.2
5087875.5
2418414.0
2601318.2
87654.55
114794.11
628102.5
886302.4
5867094.0
1366589.0
1577714.6
4715587.0
1002401.8
547012.94
3057483.5
362266.22
869398.6
484514.84
