505057.38
222658.97
82822.05
1145155.2
52364.48
709904.3
658215.6
276976.88
637116.9
419239.38
198039.05
752914.9
12474.404
2953825.0
12396.06
5247.9404
372301.47
2323596.2
414049.66
821749.1
13378.829
1772866.9
74937.1
2319114.8
91177.93
394559.22
89145.086
17533.219
3023291.8
7643.342
798821.2
847924.0
129370.48
10317.37
9542.07
91917.44
161048.3
803663.4
343806.66
866834.9
536014.25
204033.53
99627.83
203480.81
94341.125
47036.45
2532443.0
2450672.2
2004629.8
23279.213
2185990.2
4663214.0
844675.94
549618.4
2510067.8
97041.55
2309239.8
16618.105
18406.768
18574.37
