391886.22
6331047.0
226537.2
10013773.0
3402396.2
1012018.06
1286433.5
1215212.9
9718329.0
179679.42
1537002.2
319856.47
400520.84
1193060.9
1921558.1
4377576.0
213627.5
229750.31
3063602.2
1188986.8
4955828.5
270774.22
224929.6
845602.1
2658273.2
1185188.6
2389787.8
729382.1
729338.25
140006.48
1036248.7
639479.9
1238277.1
1157105.8
159294.58
1832720.4
700600.56
1719200.4
361614.38
1855039.8
132503.77
1220881.0
272373.22
2155949.2
1266402.5
1266585.5
26830.002
1924600.4
282808.2
1622603.0
996970.6
1899013.1
1525248.9
117267.1
382641.47
888842.5
307100.53
483072.84
939235.0
1508717.0
163008.12
148243.06
148243.06
148243.06
148243.06
