3936927.0
90767.3
1022569.75
660070.4
1074365.8
2042623.5
606012.94
614403.0
196160.86
2478937.2
1521064.0
816893.06
942616.44
646419.25
1821898.8
134781.55
1180497.1
742439.3
1187467.6
140638.33
643008.1
1296731.1
997284.0
554845.75
326702.66
265884.25
1376660.4
708422.3
660184.1
748686.4
415357.9
956635.44
707143.4
1505449.5
232647.48
563110.8
423536.56
2941702.8
2324843.5
702548.6
1098611.8
1179068.0
1904632.2
654857.5
1374420.6
759845.0
1721212.2
3051822.5
1614081.0
3509087.8
30137.145
15190.364
5597.346
327816.28
7611.9927
781109.7
868675.56
96338.945
2303.5774
654277.06
148243.06
148243.06
148243.06
