3882981.2
475907.5
277044.25
749224.75
3006187.0
1264660.4
2886120.5
139598.97
336211.97
2320480.5
2780630.0
642247.2
598690.0
1534238.6
2382186.8
1926986.2
1316444.6
7261665.0
1478733.5
1889492.9
5406825.5
1021144.06
799693.9
4823893.0
2749212.0
72557.85
1135855.1
2304292.0
1612756.2
2973456.5
1535111.4
2034435.1
4248520.5
562075.0
320773.9
703636.0
941969.56
1439448.8
1288365.4
2916274.0
1985891.5
4179658.5
1445642.2
4660841.0
192915.16
379273.25
342282.9
991244.94
1020602.3
602874.6
782528.0
3446507.2
451923.16
367362.56
1381129.0
3581819.0
566241.6
213973.55
50710.86
458119.1
