144513.98
7965383.0
288044.22
657993.2
388269.97
1595090.8
1546065.2
5058108.5
5340200.5
1912823.6
908971.56
2623850.0
702920.94
1911522.1
4380014.0
623087.6
2034244.4
4529455.0
1878573.8
1651339.2
3491735.2
1945132.2
1207690.2
3190505.0
382308.03
88523.68
4850786.5
339552.2
1121940.9
2251949.0
3214832.5
3353761.8
1833337.6
8513367.0
3213400.2
2594852.8
2456345.8
3058798.2
1317092.8
1561458.0
724625.4
1439489.0
877772.25
558793.06
2158810.0
2687924.2
91729.95
1437718.2
2460676.5
1534331.0
1990551.8
2220450.8
1129194.8
636366.0
1897257.0
2410492.8
698712.06
1770326.8
292404.47
5230846.0
59798.38
157824.6
144513.98
