37471.016
4043.9595
1064917.0
373218.38
267601.75
657733.9
86732.93
24821.61
2157253.2
108959.625
955462.44
105704.945
128838.71
1599964.8
187484.66
193143.31
1019169.4
96403.6
30661.79
1141587.0
63153.4
287335.06
1295422.4
45410.293
211769.92
29406.717
2404968.8
190732.97
125421.45
188947.11
121730.61
100432.9
127399.5
1228848.6
1649483.6
50693.47
122479.93
46212.14
1419357.0
108670.53
124011.67
216011.14
162443.0
395689.78
25877.764
54847.04
20782.629
2351879.8
127375.21
167323.97
224405.12
1237696.0
51714.316
73469.31
1626459.5
336582.6
7632.2754
13953.428
573831.56
556999.3
98538.21
8886.47
10118.43
8924.069
8924.069
8924.069
8924.069
8924.069
8924.069
8937.069
