12709050.0
197424.61
321349.12
3259826.0
361359.28
743565.25
467604.1
172352.48
2310507.2
945049.4
1926648.0
6401205.5
594405.56
1646079.0
3540846.5
445947.38
608068.2
1731222.0
703051.2
8129.64
849743.8
944192.7
2263530.8
472625.72
1654214.4
2398839.8
1929364.1
483794.2
1066934.8
3070484.5
2515125.0
2067738.4
151760.58
19305598.0
165033.02
1494585.8
1088099.6
3419102.5
2217980.8
72521.13
52906.297
1130677.4
38957.875
21053.143
1096173.2
4917680.5
1309018.8
480196.7
2073656.0
574094.0
517368.94
886665.3
5065071.5
2666764.2
151603.83
939164.44
1269674.1
211724.03
365296.97
