1543.733
2478.2336
26098.697
162419.05
216816.22
739441.1
401151.25
679501.06
1720332.6
321527.66
13164.18
570016.9
63281.234
116600.44
53016.332
55546.336
52984.266
51825.934
53995.45
53497.34
69545.16
52373.844
53604.207
53523.477
54775.742
53311.504
53519.633
53056.598
773371.9
387251.38
503230.78
60528.11
1333031.0
1403653.6
3504453.2
33265.992
847027.0
664562.8
14905.894
1415583.8
97322.61
933503.94
103204.27
6385131.5
4698.2983
343771.0
1535384.4
5022066.5
119863.88
56133.605
671675.2
1046001.5
650931.6
2516023.8
2753564.2
379149.47
32950.902
45800.574
599131.1
1550788.9
121242.52
2629941.8
15963.03
1637115.0
911922.3
93698.04
12111.948
1162766.9
3634.5295
2561439.0
27199.969
2615236.0
3211304.5
17612.713
1292668.4
1026622.2
678205.25
2089730.4
4851309.5
125048.125
1454895.2
6059.7666
1312.1954
455698.22
928009.3
4148369.5
1331748.5
1026509.4
1938013.4
2749373.2
66748.98
173061.56
528953.4
2116180.0
271126.3
3189937.0
2492666.2
11261.404
2171387.2
9777.196
2091084.9
787772.0
41136.12
859551.75
949098.8
616762.7
14931.05
645990.94
1403335.2
651683.0
1586059.4
1228959.0
1735795.0
1038138.2
806.01355
1115880.2
