313693.5
301017.44
12509.2295
632566.8
1607611.0
435150.25
781269.7
455727.0
239024.83
731958.7
540119.9
241043.05
50353.945
957278.56
1411512.0
1306087.5
1431793.8
4269622.0
32277.242
70057.234
1035236.56
2673408.0
136581.0
31465.463
807673.2
581510.94
1220938.1
2418099.0
806386.25
567114.5
1461329.0
34185.72
299869.03
171467.6
874929.6
118198.77
1531658.6
19368.36
684112.3
241332.47
593090.8
528748.8
93723.48
2083479.4
392687.16
2187862.2
68162.46
602569.2
860550.9
71094.39
5310116.0
276393.94
57217.945
208552.5
412483.78
51425.08
296295.3
170814.25
53506.438
70897.72
