166809.14
145013.95
103424.875
665582.9
685338.2
993585.2
240649.52
1668744.2
44976.75
145835.62
76322.62
62244.203
709612.8
184101.36
369105.03
261603.1
15603.686
161691.31
85551.94
376343.2
825187.8
814747.9
314915.28
194255.14
1699714.2
1402821.1
1493537.6
394678.44
550482.7
596642.06
602068.9
267319.7
107905.055
163863.3
811107.7
1183922.1
575845.2
680237.75
673065.1
359807.9
1109494.8
718338.75
1541984.5
672272.9
33151.168
635012.5
363941.7
91493.29
288778.8
1547140.9
159708.52
686284.25
759741.06
291199.16
483978.8
291112.66
1195454.8
554837.6
292402.72
806484.06
790178.3
2003445.4
136211.58
771990.1
396198.1
2088038.0
1041471.3
883758.0
360746.94
89590.1
272977.97
612880.8
192887.0
671380.1
1591571.2
166386.86
