2225427.5
1782060.4
1418338.5
1601561.1
1060787.9
1552389.8
1853186.0
2854678.5
923317.75
740053.2
148243.06
217998.3
73313.29
19725.904
19725.904
19462.762
19800.04
51729.6
480703.1
148243.06
196238.16
1240415.9
3118987.2
230596.86
3057803.5
353064.6
1139567.5
128702.086
146735.34
1354520.1
1661506.9
979320.9
85631.266
97569.24
1189060.1
84924.36
118934.305
300426.28
1407662.2
999849.0
56246.484
2368381.2
451469.56
2050546.0
1059231.0
2141532.2
52630.6
1346758.6
4889.843
6203.91
1411300.2
15665.331
1177245.5
1140935.8
815456.9
85159.57
4798441.5
6927.5737
84488.95
101926.25
3625707.2
384859.2
1285774.1
2523680.2
499109.0
978305.8
637715.6
2323923.2
364208.4
65448.63
947278.5
215553.16
9698711.0
303342.97
246816.84
197695.64
304105.0
736411.4
114214.29
294761.94
1053905.0
1417876.9
207533.83
33949.016
45627.812
1907842.6
646373.0
493925.8
432378.7
412657.12
641255.4
971554.75
461619.72
26552.633
28920.54
856638.8
144577.92
196464.55
317932.62
34516.82
173522.36
566380.06
148243.06
220354.8
122110.2
17092.773
16563.39
137451.67
615944.8
