8597.857
73141.914
88918.16
90663.836
784362.6
234046.38
67721.39
2697941.8
2563420.5
718195.4
908689.1
686099.1
1871405.1
568363.75
351038.3
1763712.0
216585.72
47494.66
146925.67
122344.61
324830.47
200456.33
1552481.6
1772764.8
4732381.0
340784.97
2170870.0
677165.3
960138.3
1106297.8
1490403.2
2145813.8
722313.2
515766.53
501826.38
1316216.6
24881.06
396572.0
2043510.9
421344.47
325380.47
1283586.6
3475589.0
998917.1
1359043.2
1221381.2
291167.22
3879436.8
114934.05
2754609.0
151551.3
2530470.0
628993.2
3896288.8
781573.25
208902.45
2114306.0
768043.25
540619.3
600621.3
70199.32
340124.25
705160.5
347345.25
1601406.5
234906.62
165248.12
1057553.8
362099.2
4334934.0
282807.7
812699.06
1806536.8
283718.75
1464063.6
907003.9
522606.1
114801.84
1643593.4
1273514.8
272092.47
1437170.2
1163736.1
108564.02
537386.7
1763208.9
216120.17
127240.71
625410.75
241526.75
867950.3
667661.25
8208227.0
142053.47
689706.4
121296.09
1606140.0
1855816.8
1779795.6
1653333.9
1044209.3
478412.44
2012641.0
946293.56
127578.766
1142181.8
1242821.1
1319523.0
376458.56
592125.0
