39449.83
79700.88
73171.39
9284668.0
965015.1
1274235.4
588814.0
834942.1
168004.97
562804.7
504309.56
1399101.1
679027.6
1424484.4
1743247.6
1144223.0
1733872.0
2425262.2
1041498.0
1919683.4
2407598.8
3221784.0
492355.44
1931209.8
738235.9
44974.984
1222352.5
1245988.4
1042675.94
1960380.4
1755832.9
408842.38
744023.8
2213735.5
1604206.9
436544.97
258033.78
1947592.5
518080.12
431507.72
1012533.8
332745.25
7386873.0
1529376.0
2208883.0
416036.72
1980947.9
2744858.2
2151567.8
380501.28
1480912.6
1110747.1
1140189.1
1518939.2
360150.9
1168523.1
689192.25
1795698.4
592821.75
372126.44
650391.3
1526715.6
457686.47
2254016.0
853920.1
2001977.6
1868653.5
678019.7
1039598.2
2216184.8
111806.66
255827.03
326034.84
327807.94
472156.53
458731.16
670537.7
814922.1
618266.0
703985.7
504159.06
455140.78
392546.62
485609.38
386789.16
160942.84
2883629.0
4974413.0
1308602.2
148243.06
147048.14
44265.348
44716.195
98430.45
231642.33
148243.06
