1157465.0
1550775.6
1942862.2
952646.94
1181581.0
450139.56
962436.1
1681982.2
1046288.2
187489.56
1111368.8
367456.44
638354.1
923260.06
355960.12
491061.84
1876646.1
2350677.5
410843.5
4302075.5
1864218.5
1543279.4
1419204.0
2614229.8
4625598.0
910299.8
2049933.8
1104331.0
2519142.5
944199.06
576152.3
221390.72
2983894.2
3946580.5
4061722.5
1951515.6
1672744.8
234223.31
84878.48
112991.35
1715222.6
1407924.0
1381080.9
774514.3
1570604.0
2117680.0
1626847.9
239373.42
807699.56
1191251.4
2741672.8
1548955.1
1316847.2
302415.0
536688.56
1665662.2
2109965.2
2260061.5
2113421.5
2255973.0
250278.97
4006458.2
767840.7
846286.44
1056480.5
531268.56
45669.19
444053.1
160156.19
130348.09
116625.06
1448203.5
1054245.4
2785538.2
2301661.0
202380.64
205427.78
338912.47
259408.12
31655.43
119314.03
76599.36
147227.2
235798.73
28436.068
17934.236
135131.16
33616.727
37656.973
519308.12
10183.371
9999.004
198739.66
