2760345.8
1469314.6
694153.5
3693425.0
431008.03
2419707.5
23024.77
1948716.1
1546197.5
1701771.8
1276847.8
1206383.0
475521.03
415476.94
168145.11
1014472.5
46996.44
775488.5
2246294.2
43895.25
347114.78
238932.12
342888.78
5073.5264
870507.0
263923.06
486182.94
1874341.5
9698.359
179155.7
1250692.0
649562.3
6401307.5
5013.578
454714.06
1694327.5
247206.08
33576.836
172928.78
1267565.1
2272396.5
1562355.0
1070922.5
2699857.0
41618.703
42985.63
1228025.9
157088.17
1202176.2
532465.25
575706.5
1759560.0
1407979.5
3784436.8
192576.94
1148288.8
1064355.6
1217810.2
22533.766
11147.233
120063.164
79519.016
2203511.8
3129893.8
560610.75
2693196.0
186953.14
4563075.0
3086157.2
98608.445
129843.516
4027378.8
529674.06
18168.34
3700400.0
17775.035
5127.4194
300.71005
119046.6
