889812.94
6331983.0
3747494.2
800717.56
24867.941
3255863.5
1921068.0
5547600.0
569459.7
663907.4
1693232.5
3256797.2
3042401.2
963885.9
2876460.0
3310351.5
690311.3
1951167.2
1179291.0
3006304.0
1031499.6
1414255.6
589532.44
4548801.5
1177686.9
1187675.8
1553128.9
8809358.0
719073.1
2292095.5
1117684.2
2979372.8
3035920.8
1542661.0
834813.06
540513.5
7292806.0
1927264.0
267867.47
554288.3
3577.14
1878158.4
1615420.5
1231659.1
309574.5
58818.258
1830364.0
5392396.5
2520513.5
1468541.4
1973694.4
1051118.1
1474805.4
6422850.0
2903847.5
8593797.0
81503.59
45447.246
51549.406
30128.695
