19825.643
26706.512
775950.5
807924.1
3143590.2
364418.6
424355.72
210312.9
29109.168
706110.56
52872.95
3625140.0
60903.473
1922413.0
21813.496
2799.6433
1554.6533
4974.2812
1782.4376
611418.94
35497.156
795501.56
2481.0527
8414.096
3002.5771
2294107.8
1552380.9
93855.164
248861.3
801615.8
1908229.6
2598413.5
1604295.5
1567473.4
1351540.1
30059.79
24236.346
948008.94
27533.012
6102013.0
51138.242
234336.97
3290997.0
503342.84
43828.996
57228.863
5218466.5
292564.06
5127.8555
1645.3754
1190392.1
8702.325
1238663.1
1516.0616
929.8807
2332.1375
1799.1434
580702.75
2102627.5
425315.1
1806977.0
33484.016
14677.806
3721.3555
