158449.27
184044.11
2482265.2
5507.172
10957.837
4400.9214
410111.47
1292946.5
38736.277
8865.476
2022817.4
24380.508
32956.168
30060.945
47004.445
34305.04
41854.41
50955.832
82350.75
994092.2
2441722.8
49098.434
48674.445
33754.734
17009.12
14714.032
58896.555
17653.432
160374.4
546197.3
23372.879
169809.27
145936.98
9233.381
1764480.6
47178.55
119345.81
1719.4938
1232514.9
14907.884
30219.46
1541.9258
2102.0725
12971.309
16014.261
22147.098
135711.73
107517.92
77390.125
1742416.0
7471648.0
55834.812
45058.074
189754.36
2124517.0
48323.58
218140.69
173369.45
21847.014
85543.586
45501.676
28632.064
502310.25
1144037.2
35159.83
13789.346
52286.59
80480.125
42285.85
3877395.0
410451.78
759224.5
527654.7
333105.53
438054.53
270458.1
451545.84
257393.0
186257.45
166503.81
