9738057.0
4809558.5
724981.0
7480508.0
889193.6
2451097.0
68791.95
958339.25
289783.25
4644.982
2118290.5
987473.06
7117078.0
1926069.8
3784579.0
243781.48
3476093.2
1389274.9
1290601.4
2445658.0
179003.86
202950.0
135781.73
659589.2
446610.66
552022.3
2028573.1
340636.44
2080040.9
1413456.9
257716.98
1032455.6
810216.0
421411.2
541354.2
777527.8
2701734.5
603401.9
1040115.44
382932.06
549414.06
1014935.7
2105345.2
6336454.5
3281743.8
479477.9
11256168.0
88381.62
4722680.5
97116.93
2575301.5
1097239.0
1648002.8
568403.6
4365333.5
279566.6
290154.5
40466.13
8057.106
9304.173
328619.28
176863.81
177308.17
1903507.2
9337.227
9502.697
9577.591
9448.0625
9644.965
9644.965
9644.965
9644.965
9644.965
1108122.1
