1788078.1
9408644.0
80755.875
429011.3
34059.996
354487.78
1702124.4
769672.9
1369158.0
2105252.0
1723709.4
2423947.2
252208.45
1361797.4
2416217.8
3288658.2
371504.0
320880.5
1762017.9
2174998.0
555968.6
4144395.8
2087618.2
2595852.2
82812.414
2618933.2
3355702.0
2298267.2
486972.03
167026.34
1122008.9
2736151.8
921516.75
1757700.5
124303.01
386312.94
330758.3
666689.94
3092662.5
2726018.5
419710.38
2886458.0
461026.06
66595.26
1483901.1
518357.4
165928.06
60315.43
2468294.0
3377608.0
318565.06
737509.5
1976559.1
40602.69
3223415.8
148456.92
97616.4
1263851.1
26891.447
9936.819
