101302.84
9701203.0
2182811.2
1458183.1
894966.3
468286.28
1014649.56
1848381.2
3164738.8
522241.75
4003557.5
3718811.2
1989712.5
6651230.0
1973707.1
344183.3
849389.3
4841355.0
1027328.2
2070904.0
1885827.1
644333.3
4829282.0
6576394.0
585238.8
539537.44
1401121.0
3962087.5
337647.47
1079817.6
5233212.5
517245.25
3338968.5
612798.9
625405.56
2281337.5
297098.03
3423649.5
1027816.8
2606702.8
1835921.5
544182.6
1290593.1
5499490.0
358334.6
304368.25
283309.28
1423310.9
262690.7
816798.44
1805328.2
3016092.8
228988.1
742227.3
4085373.8
1642629.9
6133478.5
576133.56
679969.25
1095877.4
4395470.5
342698.56
295317.97
266043.97
5282103.5
235964.06
554278.9
1434858.2
738608.75
645638.7
318293.16
143307.28
237176.86
4867809.0
10296402.0
287188.8
260652.52
301850.16
371990.78
339370.56
121933.82
