837448.94
1018295.7
907065.5
418177.47
2831835.0
423251.9
1263170.8
863651.56
918268.3
123476.63
617134.0
926511.8
188558.73
549800.7
2452540.2
1311854.2
113709.195
250626.64
1081648.8
70385.52
880857.44
690667.7
581708.6
1715211.0
261661.1
1189177.0
895538.4
728091.9
1228057.2
266829.2
112341.055
3376023.8
539128.4
907693.6
11322.915
682222.4
1075368.8
577900.44
1579320.8
422439.06
397572.1
507588.5
887963.3
1714596.2
253188.28
511809.34
1081476.8
665445.7
39087.44
896148.0
683709.8
131591.31
503897.25
795820.8
329244.88
875958.0
649747.5
1277831.2
184035.58
939312.2
1219945.6
200777.0
395033.25
195087.44
792080.2
1356061.0
578003.5
852488.56
574772.56
149892.11
1129915.6
1661580.5
835381.06
306046.5
904802.94
1849854.5
386650.47
578846.3
50901.836
1335270.4
91626.875
1555900.1
498956.7
28164.73
