234467.22
2073.8987
3939.9495
2347.5847
2309.0664
2381.2864
621275.0
1450921.2
871661.94
436567.06
7891.5044
10438.664
8182.3193
8577.899
8070.398
7775.386
9531.762
725514.7
680138.06
276272.94
93582.02
127449.27
247019.06
73275.625
610167.94
4366.8643
77514.35
392789.9
375429.25
26989.543
25607.828
26991.52
34146.496
134901.25
363731.03
795929.9
357985.75
252271.27
110625.91
125787.586
824997.8
67218.46
279989.16
347934.6
317996.97
551105.44
10667.97
153486.72
517794.88
200408.86
180851.88
251462.86
317201.03
609957.94
105411.61
136659.61
262751.06
522733.5
310827.47
383249.06
487870.53
46982.348
36212.78
417191.3
163747.2
44102.082
143975.88
95166.52
288432.25
758831.25
998992.8
36415.863
158681.94
104769.56
14873.003
1190098.8
186424.39
334317.72
14727.075
535599.3
28924.059
32798.996
200691.45
101601.22
154818.27
340135.6
172637.08
106730.65
187792.56
189967.36
345964.7
1281.0048
303254.4
429003.84
65048.56
205268.72
13215.63
570862.5
25564.695
467778.34
1096472.4
473085.84
7669.947
9151.728
13759.694
8858.782
10799.288
8349.178
