4422779.5
532245.2
134498.0
5937940.5
2871309.2
5890.8096
341358.34
386174.8
508154.97
849947.5
1740607.9
53380.957
307126.62
583653.5
130013.18
470964.2
594131.5
29906.18
1015952.44
3752344.5
262570.66
1072197.0
5525327.0
2185173.5
305161.8
35829.402
5002741.5
112159.54
174635.3
188329.47
811801.3
992885.8
699066.0
122901.195
635833.4
115702.055
70260.93
75013.51
218385.45
141695.02
9118.692
8801.678
3911952.8
20247.928
16799.348
9009249.0
72191.44
4129294.8
292934.75
35525.18
32142.828
44945.066
123093.9
43726.37
44540.52
