3600.4375
162259.64
212332.64
1403912.5
927173.6
99475.76
517830.34
2825549.5
660575.8
1177700.5
1273.5078
6275.648
6235.1523
6347.242
924796.25
155337.55
324744.78
536954.2
1553396.2
52412.027
933009.3
1707278.4
899184.0
456738.75
1989572.4
1371331.8
387877.0
950424.7
651851.8
2075.8235
1549888.8
364999.5
805458.1
881416.56
348263.12
70034.195
99517.44
1136190.9
650482.8
99675.99
35738.41
737338.8
1018636.6
2367978.5
136720.64
1149856.8
144309.11
1636370.1
926562.3
947200.1
353284.88
1880853.9
55534.676
712659.25
429691.66
37895.53
833274.3
2087446.2
1088861.1
182205.28
806022.0
714556.7
655486.1
977774.44
239234.73
165407.08
1285717.2
3523252.5
1012765.06
1777515.2
3090466.8
1135298.2
1355208.9
835557.3
825783.56
1513940.4
3215.1064
308538.66
392877.5
618330.9
472360.75
1143741.4
887442.44
68128.47
254283.7
5976.663
5596.252
3528.986
413881.38
421225.75
757093.56
1181875.8
20678.346
238071.33
245036.0
5522.153
971493.7
52170.56
56862.227
33022.164
594580.06
2117977.8
562892.56
624853.2
44599.227
