7073299.5
1019467.8
1032094.7
1454224.8
735349.3
1186475.5
1374076.2
1201496.8
405079.56
590037.9
513344.47
902839.25
166795.36
98128.414
152698.3
1570992.5
1136290.2
363985.16
2578252.8
4787008.0
487002.9
438885.5
383875.12
655880.94
416776.84
517489.66
493477.12
1235486.8
258651.62
357443.38
899618.8
1245574.2
182206.23
321711.22
1177714.0
150822.55
33913.473
186541.64
2176009.2
141334.16
218491.52
432234.94
1062381.0
94746.7
76725.266
99061.06
1159830.6
1157632.9
51941.625
18039.826
1182043.4
2906811.8
1316533.2
1083554.8
2297007.8
1163843.8
68529.484
84847.21
48286.082
399281.62
