230087.2
36682.414
261534.83
529958.44
128633.76
133405.78
306085.8
11713087.0
3509240.2
188470.73
69864.05
1510556.8
1325469.0
4129090.8
3869534.0
1073621.5
2563214.0
18825.895
612142.94
131429.42
1087781.5
28299.22
33226.312
959752.3
51389.58
742533.2
865492.06
703583.8
434799.25
2715151.0
2383669.0
360955.72
196159.67
1303598.5
4169908.0
400369.62
2869644.5
240052.47
212638.25
565502.8
534805.8
9700.338
1332376.9
160636.14
1512689.6
462842.6
764568.6
737897.2
717418.56
779381.06
1153949.1
1661433.5
1349952.1
3635339.0
1579701.1
2940037.0
2952852.5
1463454.1
1039984.4
825210.5
449039.2
242023.86
126489.516
424999.12
279181.94
55973.387
324432.7
406862.84
64588.52
25078.695
550919.25
887275.94
526748.7
526748.7
526748.7
