588768.7
714724.8
1748795.2
457785.88
291002.25
874265.56
871730.25
4075934.5
192490.75
527653.44
1364823.5
390348.7
789061.94
3449764.8
1979127.9
1315574.8
3023328.5
1971555.4
435481.25
719902.7
482565.53
1551139.8
1518275.2
782386.7
1069860.4
741000.6
346840.06
409451.72
2664392.0
531165.75
701017.94
548995.2
292912.88
947273.6
687745.6
194457.61
403812.38
1387469.1
2142537.0
709323.06
317936.16
817971.25
127290.3
290092.47
1782871.8
695884.25
536008.0
1132611.1
278384.75
345737.34
1085725.0
241706.73
682518.7
98633.62
1261682.1
621742.4
612760.2
594432.06
463306.44
1816528.9
286979.9
757842.0
961521.0
714926.4
632521.7
1221535.1
687520.7
397433.94
282958.4
455545.94
692867.4
28451.479
89830.45
2848822.5
484190.75
452413.84
798312.1
899293.0
6942.1396
12331.651
13560.596
27742.271
7312.401
10306.114
