315135.7
353750.47
12497.693
882267.3
12783.542
1115965.8
1493108.4
133385.86
455057.1
712890.6
94244.5
137423.69
20478.096
10720.377
7937.833
236518.11
4055.8015
1429744.4
186129.22
1402200.0
126812.164
1884787.2
1691351.2
15929.007
693577.5
429142.0
336004.25
261420.55
806194.44
334491.9
952031.4
757051.4
312896.44
2192452.8
975495.7
172199.98
681114.6
869505.2
424218.2
24605.818
7431751.5
760822.2
442831.44
756571.44
236334.3
486916.9
772711.0
1884015.2
568825.0
1192049.0
889792.2
3579556.5
482562.44
456276.3
1727295.8
2399581.2
631356.6
49477.004
37553.555
6861964.0
685020.6
2559750.2
571726.2
58240.4
389998.72
3507.3445
3639.4521
3636.6182
3638.9429
3615.5022
