3197428.5
2125128.5
528921.6
1062857.8
633580.8
1795771.1
1817766.0
980420.9
493346.72
1902951.5
4666682.5
87900.734
3355913.8
982764.8
946374.7
1847214.5
4803417.5
800986.9
1136771.4
1828616.4
2636722.0
1242022.2
558308.9
755582.9
2308226.0
437596.06
13979.151
2203298.2
1325959.4
496595.66
3148631.2
3711125.0
1097283.0
714800.44
745182.7
1220221.5
347129.53
1632225.5
2665730.2
4914518.0
872165.56
845073.4
270649.94
2268149.5
237476.3
442226.44
2103778.0
671392.7
1470411.4
924604.1
1464110.8
2081937.9
1705224.9
95642.484
43662.203
20204.965
18667.242
35616.01
108514.914
898237.25
