1636648.9
1234917.4
872599.0
656292.6
1137279.8
1193924.1
1502691.1
413914.66
175314.3
39828.74
1541770.1
71487.74
123608.36
573620.0
67323.35
2764162.2
757130.9
1327946.4
821091.0
2142207.8
696109.4
275375.38
1205761.0
6203834.0
246963.6
84905.35
141983.89
145613.9
107887.04
990809.3
6008885.5
1539600.9
738150.3
5828896.5
2271390.5
2588532.5
1277355.4
3291230.2
304889.03
478277.62
328042.2
164799.92
130971.375
43173.434
50370.836
139817.9
342545.53
615615.75
462123.47
273153.3
1402930.6
115282.58
15235.217
1305203.8
651630.7
1795348.4
763517.1
623483.94
847415.3
1392549.4
604170.56
912405.1
6765011.0
342028.44
107970.21
141735.42
1848283.8
283155.44
1436375.4
2004900.8
1814550.9
490711.22
1438850.9
2439745.5
1044084.7
443134.66
207158.4
1622691.6
4518183.5
2827.2134
86.3633
195086.22
148243.06
