40165.09
56191.734
1667432.8
918243.1
431779.28
340118.0
213156.72
73701.66
43726.227
80560.086
764394.75
3495303.0
1071988.1
1431779.6
2832363.5
1255287.1
91136.125
2411048.5
329080.1
419217.88
2114124.8
964697.56
316020.62
2491217.5
480796.72
3088707.0
1490233.4
166998.3
1969101.2
1081231.8
1739286.6
370001.75
1003586.8
213841.03
841041.56
899314.44
253564.6
2211061.0
1116227.4
257529.45
1040104.5
1465534.8
4799332.5
37476.566
1736115.6
389055.94
1049161.6
665383.1
32100.018
864198.44
2434164.0
962708.44
140332.69
968915.7
1148133.1
928441.0
475912.38
1073765.0
2551363.5
544049.25
277506.66
1946150.4
1560835.0
1618755.5
311894.9
463540.8
383286.62
2853479.5
1103937.4
1378164.5
488095.38
1141373.1
1433338.8
231987.3
22014.146
48697.895
143625.19
48669.92
1163415.2
593.392
124520.24
742.361
45087.387
1221003.4
48322.855
26245.492
22488.785
11297.002
6631.8545
2104.101
