88426.75
78072.26
54582.676
3261644.8
412467.44
379568.03
6864130.5
223356.03
5444898.5
28817.584
81486.33
2622719.2
2882436.8
710433.2
558350.5
2829983.5
1510828.5
999001.2
4190714.0
510215.25
371608.66
7593550.0
8552.841
389762.12
869830.0
1309694.2
460566.4
1610487.4
47839.18
1507746.0
1054077.1
2136318.8
189213.92
2572399.5
4583.645
1681903.9
1133505.2
22672.377
2724981.2
792376.1
1237008.5
335563.62
1224358.4
196387.55
2072867.4
232190.08
733524.5
428674.28
1174401.0
1824234.1
332502.12
5139033.0
208623.28
2112417.2
955244.1
2151191.8
4961066.0
2658810.5
4251753.5
891297.6
309145.25
1204762.0
148262.88
819268.6
2339053.0
1806935.1
204149.06
12487436.0
163644.89
686270.75
535650.25
2951553.0
705195.94
16125.084
13962.798
521320.66
92303.734
25392.791
25643.982
25028.256
7009557.5
39470.816
39466.418
39854.62
39538.83
