129026.47
111369.44
123537.52
3821997.2
1761991.5
2209929.0
1735773.8
2631791.0
1149211.8
36612.17
33610.65
2191945.8
2099822.8
1602980.6
2713078.5
905246.56
472612.5
52353.54
87569.51
2476222.8
71395.84
1560615.0
524535.2
2979682.8
1142253.9
2585953.2
1543093.2
592951.9
1843461.4
419838.94
996731.4
274245.16
992168.3
1028151.44
1611705.9
2337791.2
1816243.6
3940824.0
671880.6
1670558.8
261748.67
5708502.0
119582.76
6958.2314
5052.5903
1305119.0
886789.1
517811.28
4462104.0
15248.564
30742.451
561651.7
3566905.5
673471.56
1360630.5
52971.45
60065.926
327483.03
900729.44
34158.19
