807862.06
1735654.8
595656.44
2806524.0
1652456.0
495618.16
2413317.5
4316330.5
525599.7
1851613.1
734026.1
2939083.0
880517.94
4468596.0
664940.44
1110686.0
1747583.2
59932.824
2986990.5
2218085.5
3604314.8
2923602.5
1278080.4
1660102.0
2557325.8
2373417.8
2356240.8
1389016.1
3481961.5
2923967.0
2000003.4
2323988.2
1879658.0
4419852.5
5962591.5
4996947.0
563562.3
6307163.0
1080400.2
1633940.8
3347340.5
1410017.4
626634.06
4919929.0
2799133.5
1078641.9
337995.12
4598069.0
1372627.8
620283.0
2539903.0
902752.94
1316679.4
1907843.5
116437.45
729986.5
99693.01
31740.68
225366.53
2481914.2
