195481.05
93123.93
150433.7
437870.34
183353.77
69364.164
67263.6
1289716.4
5132400.5
12421.353
12884.514
7730.689
8103.6514
5422.5615
2488.3376
5229.8804
5899.2676
2756407.2
38067.2
36472.742
2649133.8
2146462.2
24847.324
6664.762
1071043.5
160674.16
638604.06
1318347.6
1302812.0
3999836.8
54699.305
4247173.0
287049.5
321302.12
320118.53
324146.88
296345.62
342948.88
267771.6
1867950.0
85492.24
1059488.0
93963.67
4700330.0
88691.03
1766039.2
96280.234
3898944.8
329337.9
415570.28
569662.75
347497.3
324778.5
115054.84
208263.66
647809.6
24415.52
17460.066
20586.352
24984.744
4790.22
