5637.5215
5206.83
5439.329
311718.66
3359809.5
833162.0
333988.56
240243.25
1094155.4
1200951.9
908924.4
1107625.6
1520557.1
3612713.0
2294717.2
3533219.5
1799179.6
2345842.0
2939356.0
502154.75
1203346.0
357820.16
652589.2
993811.5
383371.66
22233.078
1846005.4
157444.92
307881.8
860260.5
1871075.2
3100326.8
165330.36
1729946.4
6713885.5
169177.86
6523224.0
125882.305
451424.62
3225981.0
509454.8
407957.1
2487534.5
474047.8
2176966.5
782532.6
468559.6
446851.0
1202006.1
1464863.9
2939589.8
1268002.1
756822.1
918615.4
1177147.2
904679.44
2226284.0
620206.06
847071.4
552664.56
1745284.8
1072279.6
1173333.2
761343.1
1125735.8
2421259.8
1011075.9
958885.5
1371219.5
3538538.0
1074044.1
1412862.2
1703426.9
89939.45
2188320.0
754859.0
981573.9
964739.44
8415888.0
604028.56
1044062.25
1156800.2
13395.922
64251.414
30776.402
26888.678
16481.488
102492.125
17415.547
1054236.6
68096.414
3488.9458
