12321.893
10225.359
193208.83
73706.1
71685.7
53179.176
61346.28
1039257.3
31782.076
76017.97
1071898.9
26571.36
31899.986
41675.754
1032441.06
10067.101
22700.152
772282.75
23251.615
23257.127
16798.59
724213.9
118394.48
71814.51
57781.68
27519.498
1818980.4
7685.7666
28810.514
1674044.5
602605.06
220927.47
275132.5
240465.86
360176.9
9140.699
5547.47
11239.683
12263.623
809679.3
197585.39
83260.586
64715.164
1013104.7
30440.152
209182.47
69054.27
80991.45
60995.71
557762.3
40166.566
421682.22
97177.47
1558979.0
124674.64
1455156.4
25855.09
7559.9165
1418491.6
590991.94
344340.38
165166.5
4176504.2
57830.414
1436746.5
1883919.0
34729.816
2208812.8
300959.84
1628994.2
572014.5
6330.621
14880.583
700685.06
21681.426
10377.752
729191.0
10362.679
9103.178
169845.98
471824.28
667425.9
424744.6
5888.697
110087.9
7364.3037
5912.313
8514.161
6596.408
7826.68
