19630.172
47523.547
5811.056
81970.875
63328.42
53900.926
115560.86
11736.791
82382.67
11177.454
8968.548
11461.084
43491.027
71860.02
24737.807
15050.314
16785.828
33976.504
73742.65
103985.06
28163.764
19529.418
12073.223
12623.844
27632.219
70691.58
47798.504
108257.88
37324.11
23244.07
18907.271
26221.877
42085.254
37963.58
47198.258
40821.04
42644.91
30499.236
65372.21
87476.22
26394.688
47631.945
37062.426
62759.348
41005.723
68167.28
15825.41
36596.64
53151.11
52542.895
44261.76
23810.21
13105.543
3091.181
44326.945
44869.344
31852.07
54729.758
32524.1
72046.81
96839.16
23252.057
24912.621
65555.53
33908.746
69300.05
16223.039
105787.96
15034.668
35195.35
16012.852
12170.554
21055.734
2558.846
