2028891.5
440607.8
4273780.5
2109995.8
557996.9
1894195.6
2072720.5
1608614.5
745556.75
1948557.5
2775126.8
243108.84
2286435.8
370632.2
213167.5
127139.055
561022.44
415002.8
2677432.2
2674453.8
957512.75
2301578.2
1581959.5
4718829.0
1472101.4
1699656.2
327966.56
2574524.2
1374593.6
536839.9
1669201.4
1550832.4
234950.58
297416.53
861320.06
4555062.5
4229277.0
2620255.0
341041.78
1853599.6
514789.12
2863730.8
368248.97
279958.1
4894627.5
385047.03
920002.75
1491251.0
1793362.6
4521168.5
3420443.2
1035949.1
190961.72
1885176.6
1979441.6
917243.4
1467174.8
3132434.5
1285993.2
2081184.2
3042363.8
363310.12
1915482.0
290962.38
2731950.0
3101393.0
792972.4
1047232.0
6073369.0
317751.9
1110508.1
1556748.8
489618.78
1334721.0
1989239.5
3996644.2
893171.25
1029865.1
559851.8
271032.53
959434.44
712232.8
884554.75
438500.47
1371267.0
3700066.5
1403877.4
1140171.6
2646399.0
1820153.4
315463.5
5684557.5
1005463.06
2169220.5
528855.2
1290737.0
4124701.2
910908.75
326262.6
3041868.0
1711944.4
3109330.5
1243313.1
483628.88
496313.06
3402526.8
