6903758.0
264585.44
179918.53
617888.5
673360.4
900896.5
375098.94
1546703.5
3176372.0
2191275.0
78105.02
635979.56
1073198.0
77872.02
751318.8
525138.06
205456.89
627598.9
572183.2
302088.3
2023594.1
1904775.8
581353.75
154259.83
265408.16
399767.4
512796.3
525331.56
821543.75
2503431.2
656495.1
1522973.1
1659446.4
1304790.0
1547793.8
3557211.0
507764.06
427660.97
1046739.7
523825.97
2654521.0
196534.34
53220.688
694663.56
759198.44
763437.44
114067.89
926904.4
78424.01
82858.48
445991.1
545840.75
1048515.4
122163.42
172522.33
442737.75
115876.29
137717.3
93680.586
72936.59
75671.34
