1836660.6
3462416.0
118942.766
1174023.8
1566467.6
444248.56
4172407.5
695495.06
958675.94
750838.8
54357.938
314213.4
1122764.8
924409.2
8064.2915
533053.1
1586714.0
502625.97
338550.53
560355.1
1580534.1
35004.926
343820.5
410429.53
5398252.0
8272.871
1377324.5
883747.94
1789318.8
301289.3
627071.8
967898.44
651530.56
3164435.5
1510171.4
105728.42
1664175.0
3824375.8
641833.56
743173.0
375372.56
934004.56
1016036.3
101439.15
6667531.5
1123603.6
290036.34
860004.4
1272311.1
3207683.5
363861.0
5720715.5
628925.06
8321521.5
13554.757
49302.9
36651.945
20082.19
20487.354
7170.956
