444769.8
2106299.2
1117513.0
2858901.8
230960.22
3551523.5
949528.3
2281857.8
2811141.8
6397911.5
3654709.0
389508.28
1989780.6
2151940.5
71181.74
38892.2
218306.75
5168142.5
459939.84
682250.56
1017995.56
2580254.8
1614178.4
5100.527
392120.3
75560.875
8514462.0
81413.195
2989070.5
2540653.2
1876307.0
3564035.0
272127.44
1098486.6
300799.88
2098432.2
238378.27
2051535.0
1424255.8
3090592.8
264877.03
913234.4
1947497.9
519347.97
3675710.0
127804.695
3828302.5
3285191.2
632240.25
757092.94
3922481.8
1122155.4
194944.72
3499311.8
1856173.4
4042591.0
1169641.0
254309.62
482827.3
483133.62
1372830.2
1463662.1
839925.2
668631.6
5528018.5
792104.3
878152.44
2484352.2
530831.06
125706.04
83038.516
732158.06
424534.66
91882.61
4695.988
1073918.9
1968078.4
224232.61
9151.1455
3683582.8
189213.9
148243.06
