2309785.5
661220.5
383836.1
205719.03
798137.4
33067.48
1418941.8
643503.1
325096.97
150372.95
125269.805
85618.12
526867.3
583424.4
416232.75
652480.4
177274.67
253167.75
79299.99
265794.1
268483.7
344206.28
679076.25
210695.06
529814.56
395290.3
176099.48
184217.16
174583.12
405475.12
453380.84
165234.12
775146.9
451347.28
441779.28
273576.97
189038.62
216622.44
1019069.4
389246.56
330175.0
10912.477
6256.452
9644.885
239706.75
136584.02
356469.38
430118.72
582892.75
801051.25
768133.6
272332.12
856151.56
968317.56
135920.92
1473812.9
31385.96
287183.3
24174.244
286598.6
