11077873.0
600251.6
117124.47
2083214.5
292642.56
347184.12
1706299.4
1021784.94
221270.0
2313823.0
323451.72
2107066.0
3549446.8
1888461.8
1290487.9
2407690.8
1265121.6
1312616.9
678858.7
1268726.5
364344.94
1920711.1
4492003.5
15420.136
1853895.5
1693487.2
858626.4
3298189.0
1631903.5
664102.8
1602406.1
1034142.56
101003.38
13568.832
792414.2
1404263.8
597835.8
199568.4
324182.9
2713919.8
2067570.8
1157581.6
2004795.5
1412641.0
182397.62
1054055.1
3105290.5
149870.0
423344.12
7494293.0
1270766.2
2094241.5
105829.266
8120.8867
6713832.5
2373941.8
9766633.0
18434.197
466794.53
3023686.8
160971.16
146230.2
