7631805.5
461206.72
94405.47
165314.6
59480.168
35843.67
43015.28
96329.07
89546.08
232047.0
185857.05
106474.17
75121.414
60093.395
25009.158
83908.555
50443.008
40107.734
135242.64
114752.586
299970.4
94263.97
40504.96
235869.44
447394.88
269148.38
881739.3
436295.9
39036.055
958051.0
1013522.56
925557.06
1907297.5
2531651.2
2918601.8
50187.562
3412.6838
34573.133
3514739.5
7467784.5
111845.14
112992.9
87439.09
27348.05
142283.31
26187.562
65600.81
95418.49
103350.49
57961.836
61921.18
77256.695
80827.234
157602.08
1152915.5
37291.426
37048.664
951620.7
