294959.97
69176.55
85344.12
640074.4
1059802.1
601762.7
140845.3
34333.832
252996.53
169341.2
1164853.2
875589.2
1277693.8
1316528.5
985526.1
1415610.2
1441348.6
3349849.5
385820.62
945194.0
3403852.0
1210568.4
2725674.8
164964.0
1759202.2
1230863.1
1811349.2
184167.48
182911.12
200208.52
5453157.0
963482.75
596385.4
239728.62
474787.47
458419.53
289495.53
678409.2
1261095.1
897179.7
1160971.9
2720029.5
2427890.0
691230.5
4572652.0
254620.19
841966.94
541760.2
1097647.6
685903.8
1343976.0
1103385.6
372236.44
3719297.8
709598.94
395068.53
1536453.9
347327.16
1348690.1
1471519.4
1047925.06
290187.1
1203247.9
48237.613
489328.7
806001.56
207821.11
2140160.2
4113770.0
1814623.9
3376081.5
2559365.2
147509.53
644920.25
2292379.2
1941940.6
3285229.8
1403705.2
72991.9
166814.2
211450.83
71852.27
202424.17
1011.92645
1152.1902
1416.5627
178867.27
2329914.2
25074.004
16833.557
31649.879
11710.842
2490.6555
