4345422.5
1180996.5
594830.25
15626.408
1073530.8
1275842.9
1825816.1
763072.7
3198.3599
3371467.5
795401.94
1099865.8
38053.805
5694535.0
102439.28
6187843.5
1682296.9
69103.75
165371.55
549162.3
373752.84
1194176.2
2199769.2
191584.1
1773242.8
1903887.2
1562094.4
5334991.5
543314.2
7358.926
4047052.0
20095.26
36551.5
5850.6133
44683.54
19254.459
665536.1
1731597.6
2731531.0
3092244.8
3514490.5
10928702.0
1094772.6
598963.2
244756.19
1365741.1
57905.39
27226.82
484406.72
80920.56
16620.758
17391.043
9042.077
1602700.9
543787.56
1817947.2
3652509.5
662899.2
2642562.8
911550.06
35459.156
14110.149
1560.424
760609.56
77251.99
