8998004.0
30790.42
1619025.5
308123.88
438420.28
1935175.8
2178.8567
2337.691
5106.7817
1522347.8
29103.174
25947.305
52337.938
96900.6
160691.14
163430.77
255613.97
132601.5
34615.707
3247520.5
913072.4
240314.89
95351.02
297642.4
1240133.2
1923701.2
404351.44
157998.14
64683.9
85310.34
2433682.8
2061398.0
464451.12
485440.38
188512.14
545470.8
123870.164
279175.6
530609.9
274843.2
384146.03
337989.16
709847.4
2443055.8
668972.6
2851189.5
13900.466
317346.25
3226412.5
1657535.4
1520639.0
1023772.25
1335373.0
2029371.0
82509.27
1900137.6
1242280.9
1109134.1
2143814.8
4178.4165
600347.2
148243.06
