68336.81
2920712.8
602481.9
940322.4
1667369.4
1238755.9
2558582.0
21132.148
1319644.8
145327.42
46637.902
1505529.1
240700.4
841854.7
1066378.0
260620.34
2855230.5
1636568.2
514114.28
4502224.0
3334770.5
599076.8
1684789.4
541930.94
42653.19
179279.61
1435699.5
7156713.5
152967.02
489568.6
819736.56
201485.45
1385214.6
872747.0
1543417.5
3836773.8
469464.2
298235.66
1108311.6
70459.21
133096.98
2416976.8
2248580.5
96097.016
300502.3
603652.56
1217565.5
7296900.5
278458.16
154979.83
707066.1
371709.78
1150216.0
2106518.8
115571.96
246801.67
212063.44
2417367.5
1929067.0
120702.61
2445574.8
381699.8
3096448.8
244352.77
138047.86
157160.1
1632233.9
1610824.6
2062580.2
1144607.4
82550.586
721801.75
891220.9
2120125.0
5179573.0
1650671.6
2266323.5
4841584.5
381473.72
264654.1
256990.58
605351.94
15297.745
2402742.8
2175208.0
3784.3638
209661.14
