609928.4
2128278.5
1229141.1
102223.28
1192137.2
1072590.1
1448108.1
598189.2
146440.14
1681764.9
1154995.1
2181386.8
1846868.1
163639.23
920033.75
501426.44
1305915.4
958410.94
599707.7
334168.47
524430.75
1547170.2
2431431.8
745424.06
824663.94
1992762.5
922460.44
272487.2
1949236.5
918501.94
1168796.8
674818.4
1643819.4
2714931.8
2645002.0
1217556.4
2776264.0
1564873.8
4356945.5
294524.56
1422085.5
1807864.1
1340769.6
2045727.5
1593755.1
2525166.5
836548.9
2636798.5
1223211.1
1217573.5
2496802.2
4783123.0
3201.0208
7857.6777
2526.6108
2776.2297
4815753.5
11851.519
9285.887
169506.33
148243.06
