614464.2
777066.6
1267780.9
794450.1
385272.34
187749.4
174600.73
286017.47
1091441.1
165668.61
231893.7
61893.758
889939.2
27038.154
12620.223
1730811.9
540120.4
566392.1
496159.75
74251.555
520252.94
661587.2
1115152.9
171148.83
485935.16
505935.66
704783.25
636105.3
633526.56
437407.72
540003.1
507186.3
749317.6
1111958.6
2170510.8
1377881.9
935496.1
219271.39
34461.344
55140.758
2094006.5
186989.78
1191819.0
763089.8
182655.25
1148308.1
449670.88
78720.016
167942.73
1541930.5
501856.9
609656.44
865726.9
250458.47
115390.42
773477.5
99665.01
40416.668
416975.28
2079445.0
2515051.8
696412.2
562870.0
632698.7
163455.94
417806.4
2243416.2
547182.06
377767.25
1272528.5
779585.5
1168404.0
405784.16
1011539.56
60474.004
32818.938
5718.979
610304.94
33975.28
6182.074
5978.4326
5958.4463
6175.8594
6139.502
6442.769
5932.0947
5927.866
