880897.6
2178675.2
112525.05
3854845.0
230522.22
35354.1
255939.08
197766.31
77191.266
297704.7
86969.15
340904.16
8606850.0
174310.64
301683.94
74071.61
2176214.5
199177.94
598158.9
308533.97
818048.7
7305831.0
1159548.6
119372.055
124126.95
106357.875
2692.2114
678631.94
269256.72
587892.25
87669.33
1001170.3
2822399.2
40135.35
3676476.2
3859371.2
85002.336
56329.117
198512.95
115316.664
49589.582
350837.88
17383.105
1612802.0
122883.56
182439.81
3066946.5
990953.94
162094.4
201879.92
552509.25
1055982.1
285344.8
90582.45
285743.38
389478.38
2300754.5
3683524.8
292204.12
167501.92
1177979.0
2562176.5
62939.863
201967.2
8190.485
6560.4243
213481.4
11211.847
6349.9976
16278.769
206090.47
891085.5
476221.78
1685280.1
1615861.5
1378617.9
15741.843
136169.9
