6536131.5
748215.25
1526835.6
535756.3
1445146.8
118108.99
1782672.5
777578.5
2025549.4
1501784.9
320865.94
422733.94
1238738.1
519066.88
340329.75
215457.34
370450.53
87660.03
466713.62
554136.94
111410.73
778494.5
70981.02
1348929.5
873053.3
420100.9
769293.7
608317.6
79183.82
62725.965
119262.36
2368823.8
2693067.2
1090646.5
325864.6
190823.08
1341359.1
2577399.5
2267161.5
623329.3
2159935.2
640617.4
537308.7
302083.56
71911.586
26970.838
1543498.5
567011.9
1527701.4
1579427.0
1154897.4
31812.473
116844.75
138255.28
435915.22
51726.992
101820.11
113667.43
15699.476
20035.7
