501563.94
600176.3
335642.6
370637.88
382045.84
544660.9
44446.887
166803.5
2049443.2
115624.23
120066.445
625100.7
637822.56
2965691.2
1570426.9
2146223.5
258862.2
424734.5
129183.375
1427726.9
13146.241
316927.47
683131.6
920526.8
792725.75
6032321.5
49227.754
112476.52
1448349.0
1416802.1
525792.44
514882.62
717117.2
258923.02
224499.95
3257675.8
181940.19
278821.12
1154054.4
82904.53
4245966.5
1530856.0
101066.23
1012124.3
292706.4
273491.47
357598.2
305727.0
282346.28
1309000.2
5612.191
5924.547
6154.36
577835.4
2202836.5
379116.25
6383016.5
963626.7
917898.56
2446077.0
3215187.8
1087315.6
99532.49
137659.7
246866.92
78418.11
49929.574
76457.9
21443.85
240112.17
1255799.1
2061311.2
1279404.2
92315.945
1853862.1
917555.44
568961.75
879205.2
218269.48
12863.388
7669.9634
7926.9634
831041.2
323311.9
66227.25
101425.51
159656.8
331170.94
29450.396
12029.142
10439.7
10441.722
11418.203
10634.616
