1381068.1
1570542.2
1196517.4
1311613.0
2017672.0
1170033.2
914465.3
2877901.5
1697710.6
1048869.5
1450588.9
1675809.4
11350078.0
2898538.5
1870838.6
3634258.0
1930687.5
1498944.0
1035177.9
3307891.8
488351.2
1591093.4
7866992.0
1918570.8
601685.75
4591616.5
1630358.5
3258533.0
4399632.0
4313074.0
1472915.0
3242036.0
5448294.0
333768.34
2518705.0
2765540.5
1739061.2
2929703.5
1752408.8
1753166.0
2837190.2
3761843.5
3256804.5
1739751.8
2880809.0
574012.2
1626043.6
2377111.8
8605107.0
2815881.5
4876504.0
665504.2
3484371.8
1738477.2
1981148.5
2885621.5
4761337.5
2038202.0
1143257.9
13242.605
876704.7
