148243.06
9004287.0
9832350.0
664078.3
701942.75
2532996.5
1677053.4
3169067.5
447238.62
2718194.2
8014385.5
57568.273
70383.38
104470.055
214530.83
346146.28
962332.0
1529823.8
490172.03
1376065.0
337274.34
259898.28
2589292.5
455734.28
1938993.9
2217304.0
477147.22
356684.38
537439.25
670438.75
3417638.5
3659439.8
1913792.6
1651526.8
5245889.5
104070.78
102143.195
93475.11
566144.8
2612816.5
332544.62
242978.72
245178.61
217040.55
1058302.6
948491.25
2010793.4
87951.016
55678.652
52551.613
2507868.2
142992.9
1170923.4
1116879.5
203762.19
363624.2
410474.44
167187.83
542770.1
678112.2
1778061.5
1750447.8
901437.3
1307324.4
1395068.6
4617250.5
2369520.8
1070985.5
371405.06
1391270.2
487356.3
3585847.0
5995022.0
703015.6
804266.4
379026.62
2077931.1
1805538.6
536798.4
273684.66
111962.58
141960.44
2086257.9
41377.652
88627.98
39937.742
94250.516
25942.166
14979.351
49119.832
340210.97
732471.94
6554274.5
23920.066
466885.38
37403.926
