113958.09
68304.89
173741.45
10194784.0
316789.0
589949.9
1096933.6
1499940.6
13677278.0
1717412.1
323088.2
256194.14
332329.62
864814.75
54956.21
929459.5
191541.53
164816.98
162575.2
716820.4
1237437.4
534050.3
509069.88
2224757.5
3724371.2
374946.84
612938.2
1454367.5
771238.1
906226.3
2010666.4
1041318.9
397746.38
2126943.0
8309.064
52019.14
31658.682
724325.4
15115942.0
129025.64
53135.92
173396.42
10137280.0
303180.66
626325.7
1111451.8
1497720.6
13412152.0
1764736.5
338048.9
280660.0
318201.66
884011.06
54522.125
904540.75
163007.3
196430.75
163197.23
716994.94
1253779.1
531192.9
496769.4
2196201.8
3624087.2
396211.44
611595.75
1448776.4
768014.3
893981.6
2075139.9
1027536.2
425336.72
2210677.5
8108.296
32075.016
31464.04
721995.4
7563394.5
