3794413.5
59912.402
99438.92
41308.855
14126.256
2157624.5
1265.9065
2198.8694
1719198.1
257663.12
1032490.75
105554.375
1911187.5
59526.754
3168573.5
885534.5
10120.102
2713143.0
1009982.56
2221683.8
186277.81
1297025.5
155959.5
1943927.1
1146743.2
420624.0
2088429.5
1860146.6
1551593.8
1360837.1
128150.35
51507.63
103814.125
2685192.8
128542.15
104740.09
1263961.0
509100.38
327964.28
171362.28
2394395.5
1006646.2
2770.2432
3413549.5
2336696.0
2036011.6
431285.84
2782275.5
77821.5
3103187.0
610468.56
1363043.1
93948.945
1958345.1
997810.4
641322.56
538013.44
2341605.0
1270065.9
257820.42
4048543.0
140280.47
3918367.8
33393.465
354.2133
3961011.5
50923.113
503175.28
2044213.4
41274.516
160167.72
357864.03
9169.3955
15939.001
540623.94
119667.04
17631.584
13816.861
32764.488
245224.16
282416.94
38537.19
11684.714
66618.72
296106.1
1020134.0
