6852660.5
3670827.8
203327.22
194638.83
226580.61
158011.47
275152.22
239180.55
195020.77
270746.78
300765.06
171448.7
146883.66
4244521.0
1460684.1
2543336.8
2864400.5
3584641.0
2460303.0
360592.44
1211729.0
2961988.5
677859.06
505822.75
583286.2
2736586.5
1424469.5
595069.0
1230819.0
545306.6
1867878.8
1889246.0
183338.34
42491.105
443706.97
2854631.0
1068937.0
1530163.2
290640.16
1705226.2
860543.06
1506811.8
1123159.4
3627856.2
952178.3
1878399.0
345181.47
5082341.0
903755.1
4111017.8
33416.45
3500894.5
841920.4
1170704.2
275704.2
133340.3
145472.4
183478.88
250641.73
139772.19
683417.0
148243.06
