156546.06
1444413.6
2614041.8
803062.3
3906697.5
1128495.0
1791994.5
805833.8
2738705.8
1823386.2
1596962.8
2050110.6
1489010.8
717903.5
1129636.1
383847.4
1862252.8
4265076.5
1052260.2
995932.56
676744.94
2151915.5
59485.496
738625.44
2706043.0
3133699.0
1529440.4
1890255.4
3647084.2
124136.74
2498073.5
80656.12
3053174.2
5170144.5
551557.9
1471433.1
1081815.6
1035523.1
1816522.6
803690.94
1282251.4
225599.22
1910556.1
1638567.0
777659.1
331437.53
2810668.2
3131670.0
2436649.2
2904766.2
656069.8
1854012.1
2428951.8
3710855.0
167847.69
4012454.0
1282181.9
314696.94
642892.06
563286.4
405089.78
2266101.2
610665.7
3271683.2
831619.56
3030805.0
5800473.0
565124.94
1391962.6
7030465.5
289777.44
2429676.5
3757113.0
849334.6
1058671.9
1867470.2
563557.1
417455.1
889451.8
2339261.2
3847449.5
2926887.5
1514097.4
1706593.4
3215630.8
2931047.0
620948.6
90609.1
338479.44
504901.7
148243.06
