1991.369
440065.97
72003.805
104172.34
201822.94
120309.88
89401.61
79637.92
126036.1
81777.945
17413.254
609594.2
92170.03
252505.81
210963.72
946881.2
1563346.9
1530971.1
296359.12
2887.652
34881.82
36246.355
920501.6
756860.1
801646.94
527034.0
946040.4
47988.953
118660.484
38402.555
776995.06
525999.06
538054.7
607695.6
337764.75
36498.76
114357.51
150485.66
254082.34
242680.92
955852.2
198976.05
63347.14
370367.62
38147.24
208372.16
1374002.4
13918.313
180964.58
124545.96
666661.2
126479.73
225617.94
74488.03
518052.5
133534.28
338620.34
3692.4158
2218.8855
2308.2026
