366880.84
259484.36
1087062.1
354753.28
165746.45
407451.84
108437.336
787015.44
68359.96
1148028.1
682425.44
556996.94
9355.992
127835.586
229209.39
718906.94
5682.7993
351059.47
55931.086
42723.12
41212.25
1358564.6
1195024.0
38273.62
46349.832
839687.25
189185.84
1406256.9
38779.85
31295.549
1507727.1
81067.74
1312170.1
1058892.8
285684.12
112224.45
161738.06
1124115.2
12516.895
456023.4
68373.81
109924.57
410617.47
221878.55
1089691.9
776240.3
416354.0
589544.9
128922.43
87164.51
589418.44
22599.557
33037.758
5585.8525
1042.8011
441837.12
43940.656
4298.297
4727.4155
4332.2715
76974.9
