74339.73
17103.486
43477.63
623517.8
157670.22
228582.62
149949.78
123533.45
588440.9
133391.22
96869.33
1075861.5
494615.44
1320836.6
1420667.5
4589.451
368.64728
3217.074
9838.412
15792.485
321218.22
4687.1865
2578.7117
571.3437
23568.822
104250.78
349053.06
126113.625
59415.406
173773.48
2277.601
413597.28
9090.28
7372.914
1998282.0
66542.055
1007131.06
124204.8
2083914.5
1583364.9
361820.06
771004.6
1479162.4
1550207.1
6107.628
700032.2
374317.03
55018.242
499093.62
2238446.5
188049.8
299017.6
221723.23
300603.34
1328135.0
68436.54
203348.05
57742.95
219702.84
372856.72
34542.883
406597.0
4757.883
1307070.2
354431.38
22352.906
13836.505
475352.2
355074.5
1227548.4
1744945.8
858146.9
713572.7
1665804.0
1298270.5
185578.53
1105213.0
2581749.0
1001359.25
692962.0
1324556.2
1930050.2
1052154.6
682962.25
299214.38
841876.9
688902.7
386288.9
1938566.4
2352543.5
2963319.0
806818.3
502312.03
110170.91
76921.87
99590.87
268696.84
260680.72
165945.12
502393.84
3692137.2
724314.2
820488.9
2077349.5
179503.92
2134498.0
152011.73
790998.25
624704.25
553114.9
1324813.8
215496.45
336660.88
472835.16
2140318.2
20419.113
44839.37
259035.4
