406046.5
4682194.5
666072.5
218999.81
3108964.5
1111994.0
306221.0
782805.6
4322438.5
698859.2
3203318.2
917055.06
1424776.0
1219229.6
487361.53
1016651.56
404787.84
800035.2
984524.25
320140.22
530593.4
299699.28
1502939.4
2557208.5
1194949.5
641982.1
1350121.1
777935.75
603176.6
454707.12
1606540.0
951464.1
1252873.6
634531.7
208758.69
1701994.2
444187.66
515242.22
1941589.2
878796.2
1002714.0
1285655.2
595154.94
578968.56
260039.56
2140192.2
3191937.5
611834.75
270790.12
1875235.2
921419.44
739214.8
708249.75
1317158.8
174066.73
469008.3
2354648.0
2838379.8
1313744.0
658214.7
189524.72
