9634847.0
370597.72
1451203.9
622610.6
116798.47
13090.971
111741.8
103236.66
257299.31
18187.896
100036.75
160247.0
98656.83
56702.387
19765.988
33512.98
2447546.2
336448.34
6218182.0
22726.193
2126598.2
106361.9
1311967.9
283070.9
237583.0
1208181.6
343753.5
1021129.3
147644.36
2180958.2
44309.69
2246482.8
1088325.5
837036.7
2575796.0
7306117.5
18281.78
1845719.9
81394.37
5913431.0
125942.586
95110.89
36221.984
113098.35
2805032.2
2564905.8
1072881.6
9862983.0
114066.1
60794.96
39076.336
39076.336
39124.582
186865.97
