2050274.2
1287847.0
340563.66
1373474.1
1645400.4
2018031.1
2215753.8
3531788.5
1229177.1
3410024.5
326238.12
576259.0
820681.06
2763263.2
135627.67
1188146.2
529190.0
375576.38
1613085.4
557050.2
2276089.8
863298.44
535424.2
3566086.2
1415715.9
2163983.2
2387109.2
974982.94
1496991.0
447796.8
987950.9
1512429.5
2299337.5
1854659.8
4763100.5
2107755.5
1051052.9
4674628.5
2327781.5
1680387.2
443365.72
4197168.0
2629851.8
611117.56
530936.6
297387.44
1719966.2
1814630.2
2182626.0
1300609.6
2631480.0
324773.75
199142.03
994470.25
130696.33
90178.555
647584.0
985166.4
95536.695
95536.695
