545.0196
341798.22
174083.42
42559.16
31939.568
593459.8
632780.5
58782.65
30041.844
70929.97
820932.6
7397291.5
385.75836
1895.7585
1583.7808
1237.9922
1266784.1
306533.8
6685729.0
3720.07
1638.5145
2713.236
1884.667
1650.4344
1923.7607
4103.438
3013.7642
555491.3
3587.7168
12474.055
266.9604
2303.9578
567.53204
1344.1636
1823.9956
1129828.0
18404.629
203970.77
98069.21
255399.44
25326.686
988674.25
13455.148
3006933.8
1931592.1
2437845.2
1444467.8
139448.89
121435.86
2819259.5
12056.467
6057.2295
346.51794
9591.367
909048.06
79730.125
9854.275
1625.1548
6288.8105
1364499.4
4359.748
3033.7893
1610.9999
998.0842
1119.7869
1572.1891
913.23663
349.31317
962.97687
1435.7039
1649.8365
884.5797
2324.3826
1771.2339
1837.4497
