2015466.9
567218.06
2585351.5
4244490.5
690637.1
10689609.0
199276.23
84395.12
421417.03
1036203.94
42088.188
59710.29
2267693.0
54899.035
9739099.0
887685.8
4174678.8
15479.084
48023.09
19555.836
211316.72
91400.92
161842.39
57637.484
1039380.7
367924.28
90900.53
564089.5
70301.586
3875.7227
59834.055
45193.223
152753.8
2243824.5
57233.383
367828.44
736252.8
308417.72
246436.4
331804.78
1363649.4
1690884.8
79491.51
483571.2
1922555.5
23092.895
207801.1
2004758.2
160430.28
180537.92
460867.34
280131.06
283749.53
738753.6
591819.56
3478000.5
1682384.1
369001.47
1462940.6
43525.2
222215.45
2269228.8
1314121.8
511091.44
800304.5
112776.664
2588250.5
354820.12
194552.64
66931.17
594257.4
3234133.5
227783.55
101116.555
1360299.5
2804654.5
533677.25
202662.2
983736.94
2735017.5
3980835.2
33467.832
102867.805
674103.44
1185826.4
1693501.6
2251537.5
1039368.9
3691806.5
235268.5
2062713.4
1153076.4
897238.3
2367446.5
891546.06
2106950.5
2433642.8
533908.25
1311864.8
1609027.9
1499638.0
365130.75
2318252.8
124299.48
64941.434
105441.63
94356.3
1344806.5
1128172.5
1368475.2
871784.94
127583.08
137115.3
30794.48
10166.936
48218.88
1989419.8
40905.016
453372.4
116469.07
