309118.06
25699.71
1464.8286
8296.115
2456909.2
17752.207
3244.9512
20782.89
8319.641
6857.8354
80206.07
11752.406
879218.9
50670.18
34202.48
1146129.8
21874.404
1325.7683
1050575.0
18964.646
339430.03
432760.7
112455.39
434916.56
824876.6
138613.64
1596667.8
2504.676
4662.015
7348.8115
3029.5168
15602.943
3381.3757
8330.144
2162.3555
388863.62
4142.8843
1235.4839
3446.1965
1741.0365
946528.44
903280.44
108898.4
47737.688
9068.587
40832.727
5526.2593
90205.266
3621.445
417519.94
51138.234
598188.94
1430352.8
190519.97
10968.2705
31813.434
22415.213
10212.008
291494.78
502226.5
