8793032.0
77930.15
65757.586
96798.37
80569.16
1697650.0
96016.64
1832070.1
104849.914
164317.25
1800302.1
975455.06
710093.6
907850.7
247178.03
590522.6
231394.38
132160.94
32034.258
226889.05
29280.104
145952.58
116379.94
2266049.5
1106698.1
849722.3
40719.22
25986.25
90103.22
523585.22
119333.72
179176.58
1381732.5
387366.94
42974.05
30682.512
1626668.4
82444.31
105909.38
3084732.8
1111718.0
313532.94
2762.101
3696.4312
1405056.1
2379037.5
1959833.0
1196050.6
269819.2
367883.3
2115869.2
31142.447
2823.6401
1357169.0
233132.55
419429.62
305084.0
673761.25
275434.94
489702.94
905373.4
148243.06
