7878635.0
520714.34
178786.11
1375217.9
73918.76
73393.03
152417.12
2225458.0
893870.8
4196238.0
3788962.2
234640.39
135688.78
320433.84
3895133.2
716092.4
3231574.2
1232210.5
836238.3
668577.2
712492.1
370773.78
330744.88
237848.03
1564526.6
480143.38
433454.9
4779993.0
741493.1
422967.2
737028.6
874696.44
545293.94
1479964.2
258131.25
163074.27
867674.9
5037497.0
244361.62
2435503.5
31336.041
7447427.5
160239.16
261760.47
3739905.5
1825365.0
535524.0
1795805.2
712292.1
1496414.0
1440402.5
2506388.0
3446552.8
683620.06
1277209.4
954686.1
2180832.8
1105772.4
504601.75
1355350.1
862129.0
21164.635
1412373.1
143530.14
533936.06
378279.34
354076.78
72755.08
29420.793
5321782.0
7490895.5
853637.25
1428606.2
1336265.9
2978384.5
485824.72
256704.69
217170.75
284432.84
104122.72
148243.06
