437203.25
830973.44
1131890.2
58174.215
182142.56
1969589.9
176367.94
1300421.0
40774.652
632452.44
2723218.8
1450341.4
954934.0
1382733.8
1531346.0
1460848.8
2668117.8
289697.5
1126577.0
2462403.8
927289.9
1566363.2
86534.24
127907.875
6185456.0
2868256.8
242295.03
387429.44
1952839.9
3262144.8
3745406.8
1391803.9
2062496.0
2623039.2
1309706.6
2536453.0
1384898.6
942844.0
164594.39
28271.184
491358.84
840517.94
752872.1
753159.8
150378.95
3014720.2
90539.08
2613148.2
2938744.0
1584500.0
797469.25
140610.11
963309.3
2654690.0
40854.01
35149.42
1577847.8
105406.28
59257.53
67148.44
1719425.1
1055795.2
1068754.0
99999.15
93004.52
638014.44
809460.94
229015.64
3910838.0
672528.94
94760.51
170535.75
267122.12
1874266.2
3060016.0
787778.06
965152.3
1410652.1
532907.6
1396123.5
2176333.2
41022.355
206897.1
667479.94
1009150.5
488041.06
985.91644
392605.4
17261.266
20409.287
746689.06
166870.94
142377.77
