81236.14
39505.125
154606.8
44153.293
25822.127
111018.07
15335.985
25841.754
30120.86
50963.47
29114.422
1094113.1
2046456.1
2195734.0
291156.0
112913.16
424028.25
1311963.4
4135301.2
2319343.8
1776769.4
34367.543
156741.23
11212.005
19519.955
11316.338
261372.62
9338.951
18596.72
29813.906
17193.56
14522.933
18534.629
40209.73
7927.4346
7466.6216
24293.035
22336.004
16627.11
25278.418
48196.85
9993.904
67449.29
31753.586
20089.469
8969.56
44298.145
369420.06
14409.115
14325.656
165284.78
38341.777
