3818.422
20213.545
2011338.1
365180.62
181467.6
1258316.2
89805.32
936807.1
338006.34
1895560.6
122589.95
74577.08
1166904.8
57355.34
995110.0
164217.73
348443.53
142577.73
24131.385
36500.207
1221996.8
266107.38
300130.9
1511984.5
6029.425
2309.8638
2530873.0
243015.44
86886.36
212873.98
213057.94
487194.84
247230.03
304620.34
16868.459
915049.6
1461281.6
3591703.5
669808.1
5566144.5
1442966.1
990229.06
3316766.2
85983.35
426701.12
126834.89
823620.56
2044052.1
26474.566
80115.81
3209143.2
441251.78
2742.4172
1745069.0
44949.645
1532951.4
18677.959
1709178.2
1195488.6
38931.953
40623.29
11928.288
1805033.0
104038.77
118707.4
58170.68
45404.56
2018522.1
1543.803
5962.5312
2046.6444
17755.97
6990.841
389.64862
4513.5723
26299.088
13524.65
2569.6743
7847.052
11783.752
5889.4775
6704.7227
5148.806
2642.2942
9257.014
11605.261
2937.174
1410.8645
