17838.307
1564890.5
5349410.5
1477502.5
432388.72
239532.34
746125.56
244851.1
5935556.5
2988651.8
7307869.0
1919287.5
2140492.8
99887.57
1800714.1
2627431.0
604040.44
2410370.0
2642724.5
2662383.0
1751855.0
561863.9
1239219.2
948834.94
806630.44
3759361.0
341239.38
774284.44
566649.8
9204519.0
1226603.4
1913424.9
1837893.9
1011573.25
1250438.2
419460.28
1441877.6
4574314.5
2199412.5
619045.2
5560086.5
144147.97
1202423.6
1101849.6
6451209.0
261528.05
4028722.2
1176745.0
1162035.9
1727204.4
7599010.5
618203.3
9124248.0
4519663.0
3634891.2
770666.75
384532.12
44195.56
124909.86
404866.0
148243.06
