145825.84
1172794.5
1947669.1
1004553.25
4560147.5
2120000.2
306370.2
85993.375
944302.3
4880409.0
201698.66
121155.68
2722945.5
1062024.1
159561.44
196393.77
448140.47
78930.414
2035807.9
1227675.0
1181423.0
146698.45
1348057.6
644057.2
1012238.75
2715016.2
547750.7
4499567.5
5070474.0
721182.06
78654.85
4563754.5
2141029.8
1069867.1
1779211.9
5385246.5
1012780.9
181149.83
227303.58
589005.2
1599704.6
1277002.9
16638.992
3243348.5
1167796.2
22269.262
5062.99
13743.751
80051.51
42637.734
2252448.2
1156638.9
45059.18
47514.797
44558.79
44468.777
44575.73
44526.52
44624.117
45787.266
