331191.47
730877.06
185908.08
525290.25
226152.7
249675.08
2290515.2
317020.88
926528.75
1344619.6
1358667.0
833674.7
431445.9
37296.043
728072.9
637306.0
201975.52
524218.06
350908.44
644969.2
1892731.4
3758.344
2300.4072
134977.52
588826.8
255930.48
276854.9
313496.72
1112750.1
1938799.1
1086779.6
3222.322
485302.47
213767.36
7417.4155
2157915.2
66962.78
333883.97
324483.4
271906.34
133922.34
4443254.5
312755.5
300548.47
2177145.5
349358.4
450021.34
593528.75
454354.22
840622.44
931760.5
81854.02
397538.4
836218.9
526719.75
836711.2
470346.4
128190.95
292010.06
5665564.5
962582.9
511102.47
2052096.8
459723.12
645064.3
692231.5
918172.56
1213903.1
1736841.2
2077893.2
1549286.2
1057255.5
885476.06
142449.92
327370.25
354071.62
305237.2
133647.58
721339.2
90287.82
189073.0
134780.73
75257.3
5578.3506
5489.8105
