851012.7
4028852.0
1432248.2
1474765.6
7041534.0
185044.11
218437.89
138385.8
193178.97
893858.1
112855.76
178471.14
2122421.0
33503.773
2118603.5
88341.74
732887.7
1565326.9
7992978.5
28807.846
101520.95
153249.6
8560079.0
179377.17
2015329.0
1719957.0
117003.35
1083393.8
525835.6
87207.78
3364435.5
804965.75
1419681.9
34999.277
514568.75
84953.61
78493.28
326650.6
5562832.0
260426.44
257421.0
213377.81
1243439.2
1174018.6
6080752.5
1153533.5
308671.6
128591.97
13865.797
5136.763
1565.7708
2733.7437
2187421.5
