154440.94
406569.03
656189.25
545089.1
1490675.6
57122.223
40476.566
30245.52
31226.979
662116.3
3621.5632
524106.2
35212.223
1097303.5
2982.667
1639245.8
211905.66
142701.61
451734.28
624713.2
897657.94
215744.12
46178.35
704123.75
1865.6047
375994.97
329100.12
182246.69
1158643.1
43318.36
31877.188
407897.1
51725.867
201866.03
316173.38
350643.62
312889.75
137885.33
123754.0
276738.5
277636.7
444981.75
1501883.6
27577.293
18920.12
388651.4
901007.56
2056626.1
1101805.5
1254441.9
727978.75
170449.0
158434.73
844183.7
104999.336
772.19507
120066.93
203949.47
289636.88
125032.664
