294176.22
138379.92
608447.94
1858683.0
519515.56
1502368.1
2044697.1
860036.0
3017267.2
89193.44
514876.1
54075.465
1535738.1
1601746.1
1137975.2
1015290.8
1188600.8
2374768.0
531023.8
749119.06
393601.53
6599547.0
3103375.5
69198.01
1048341.44
1115305.1
179471.5
4295492.0
1005035.75
1363126.9
207040.25
178902.31
1626454.0
199585.45
447783.66
1545854.1
789209.25
284400.22
330787.38
3781703.0
589770.56
1633653.2
289032.75
1627520.8
17045.078
1473214.2
608283.25
2414937.5
175707.31
138305.95
127320.95
5888013.0
553813.44
159689.78
2615372.5
169334.08
49440.55
38811.203
33442.62
241827.1
