5825.2295
6344.69
1220618.2
1260071.0
8954381.0
216942.75
143433.3
2431178.8
786156.56
1797429.6
593289.2
455636.34
1416435.2
458564.62
1844788.1
712401.06
611777.9
257758.64
2483189.2
1448219.0
1908726.1
1686661.4
1107535.0
3772685.5
828581.2
956736.1
3196107.5
3606880.8
1269938.9
2683046.0
3497741.5
523390.84
1388303.6
2006984.6
41699.992
2316671.2
1418190.9
8281242.5
709818.0
952822.5
7075219.0
608321.75
477131.97
947714.3
1933734.0
2087313.1
1618389.1
1265028.6
1295415.9
3761143.5
7835566.0
447740.2
6327176.5
391062.2
3848781.5
4176728.0
1384174.1
5605299.5
376215.25
1419310.9
1565051.6
1002660.94
30420.842
456131.66
1353750.4
49748.53
43986.316
53745.68
37925.594
21529.527
53055.938
39510.836
337277.3
403450.2
4897330.5
96540.98
