32855.902
150206.58
27841.613
63813.477
23455.287
106112.5
372100.22
252664.08
237353.95
93951.555
44242.54
131565.19
73030.07
15739.929
135467.27
90241.29
23220.213
144318.92
28195.059
66793.98
47489.34
95919.32
51490.555
77095.055
96697.06
102184.68
185712.36
35713.27
19700.932
9921.696
610931.56
119462.69
380152.47
28589.307
78650.88
125284.86
28924.17
92611.97
32461.154
2289712.0
105427.7
161711.6
99686.59
5785.835
42488.168
1070723.5
113056.71
107804.664
56068.254
145092.4
55392.855
9687.217
64006.89
28424.557
99080.375
28727.85
34331.89
66572.34
456204.94
1522081.5
