268742.34
412952.1
55361.707
296914.03
611717.9
441656.8
61193.28
962862.25
1101979.6
306053.44
210417.83
155061.19
119983.2
89059.27
104378.1
1480435.8
1468251.9
2468617.8
301962.62
366831.2
664954.25
391912.12
872601.44
84997.73
860626.56
121332.3
1841668.1
107616.7
85755.32
661578.06
2136426.0
2330592.2
3062984.5
662915.4
267536.3
250924.94
1191804.5
684518.6
1080495.9
1720235.0
363733.94
654499.06
122945.484
1188089.5
931933.44
950869.0
4458263.5
291258.88
239205.27
504115.6
334103.72
279457.0
938004.56
412259.03
1091542.6
2340638.8
550377.0
278016.9
156232.16
164882.36
101660.086
1184947.1
155966.44
980499.8
156103.08
831872.25
345452.7
138975.53
1809874.6
1163502.4
