10873.73
10213.892
10248.901
10261.984
1851414.1
95849.05
1580600.9
5493238.5
5636554.5
924735.5
437211.44
2240660.5
2748874.8
3288406.0
1956479.5
1108777.4
173211.2
5282377.0
49436.48
94779.71
106481.39
1060741.8
7137661.0
5065702.5
1479797.6
988763.75
1343670.0
4369119.0
5289934.0
1068483.9
343284.38
4556350.0
1462578.2
722004.9
700966.2
4945588.5
1254054.2
954978.5
541901.5
1238097.2
2299151.5
2931897.0
1093154.4
1961732.8
569733.44
5079638.0
2874353.5
375005.53
2956881.8
2025041.4
2341365.5
654534.44
2864093.5
454033.44
602308.0
1873229.4
833370.56
2562061.5
2502661.2
1034541.44
3692041.0
1842256.4
4135093.0
5220541.0
733072.3
7736756.5
167086.69
159139.23
8844132.0
189297.33
124668.3
478660.6
30933.027
60473.14
7970.5635
8077.4424
7958.8857
7335192.0
2383646.0
1351475.2
696975.44
467108.2
777401.2
348656.84
2975485.8
535110.1
311915.5
