19140.723
7904381.0
387154.44
1026533.1
866035.0
724075.94
602789.3
1514738.2
1689704.1
91756.17
846831.9
355119.56
718055.3
1494621.5
720783.9
108136.664
50977.09
119903.54
224817.64
3232081.8
709563.4
1180510.1
570821.2
2947907.0
744987.94
1251029.9
615089.6
319624.2
1312918.2
1750151.5
354142.0
4278930.0
1325170.5
3054940.8
1299631.8
1702015.6
1999936.4
787005.7
1728293.1
1024840.2
395201.16
431359.25
2396772.5
1086483.2
1494243.1
3584650.2
1671499.2
1763487.4
1694006.2
1992647.2
3376103.2
720775.94
1435894.5
2041616.9
736544.1
857977.4
1880260.8
306072.34
3096533.2
906215.94
748648.8
680715.6
22786.31
23401.93
23259.268
23259.268
23259.268
23303.934
