925.4157
1309.8591
528.3256
972731.06
1027.8159
1541037.4
4931780.5
839.3229
541065.2
5175.758
244284.81
18967.656
7231.4766
6730179.5
10248.665
3865117.5
6972.422
224337.66
2795.0483
2041199.2
5143.65
1759060.0
345.51755
448442.25
11453.762
1053070.8
3590.5647
1124130.0
6826.3115
462012.56
4205.793
10733.635
7181.237
466390.56
1136523.4
617380.4
277268.47
720334.5
944099.06
851427.9
618318.5
191868.28
35109.457
38088.938
3076042.2
252855.67
128089.19
38213.895
43497.793
21479.22
19727.98
68631.586
61089.273
84111.055
58206.99
58017.785
91271.37
59361.984
103412.69
