703296.3
473899.47
680553.56
466702.03
2024161.6
410753.78
4710755.5
165308.0
3574931.8
2148192.2
283699.25
397111.75
270468.78
5126448.5
4049884.0
226074.97
290155.25
4419230.0
2041267.9
2287708.8
3417310.0
6437233.0
1078678.9
3347330.5
6953920.5
648090.06
1039646.4
7421549.0
299329.44
575754.0
4141256.5
3063204.8
2004369.5
550606.0
3261241.5
5892887.5
325870.25
4815001.5
3050840.5
299831.06
622574.44
126192.12
427811.84
838519.8
1873610.4
1269972.4
421299.78
236543.61
4140226.2
6134249.0
653760.2
3152430.8
506300.34
2802051.0
1666908.2
868482.4
3181478.2
1300311.1
4215901.0
171953.16
328083.12
2571113.5
2503046.2
240795.64
134041.56
354074.84
73030.12
18512.525
22243.05
22059.957
22059.957
21699.19
243865.97
377959.06
388239.06
24424.31
23412.117
19956.266
19771.906
19886.803
19886.803
19886.803
