52482.156
21748.29
64115.227
149069.1
82452.7
231099.56
34758.14
217791.33
51966.574
95919.87
40477.1
165238.2
114649.49
30922.12
84823.484
130651.31
1107121.1
904630.4
350916.38
831718.06
757016.0
807330.9
773050.3
808556.7
373926.6
322302.56
365493.12
1351317.6
631658.44
617734.56
629332.25
156416.58
393293.0
241799.81
192050.92
718659.94
640118.4
26760.291
73795.42
54997.656
18032.445
1318476.5
482368.56
613245.5
1448166.0
313604.22
9798.072
9076.008
9832.606
9257.841
9781.495
9537.638
7477843.0
1178615.8
5759805.5
1320469.0
327982.22
753834.5
743333.3
203192.11
552380.2
732552.1
1593076.2
1583792.5
3576371.8
232516.1
760489.2
239000.12
1172166.2
385491.7
2756955.5
2922109.8
1036879.4
1168719.6
60663.113
189159.62
2785587.5
104329.42
19911.791
418793.88
275625.25
6936.5254
7455.495
7316.3784
7402.1704
7362.1836
7451.643
7242.6934
7394.33
879075.3
