324919.62
1017586.94
557878.56
785605.7
1398806.5
2061043.5
2145674.2
7894047.0
3313561.2
2544279.5
1264464.2
1739087.0
858524.75
1006235.56
903925.06
308609.06
1161420.9
7825919.0
3293844.2
1017154.1
236650.1
541052.56
765513.56
3362415.2
5638120.0
1746470.9
1737572.2
32940.77
86641.984
9451.749
21690.977
143692.28
131250.28
1009755.94
1370738.8
2824055.2
2518624.0
3191747.0
1846278.8
2392635.8
1008439.9
1985349.5
2548815.5
507711.62
4731429.0
1851330.6
1693715.6
122525.945
1470261.9
943510.9
1794198.9
1140762.9
1352888.9
1103097.1
4335919.0
2970362.0
2398683.8
195839.34
9670430.0
1369046.8
559782.7
746726.8
1347102.4
236928.17
1662857.8
3593162.0
399555.72
1313432.8
4394432.0
758598.3
1093727.8
1590285.1
5618206.5
1614020.0
2143283.8
1973252.5
1731596.8
1155430.1
3333437.8
1526369.1
1349590.6
1736701.2
1648150.2
5211421.5
632778.8
2132040.8
1726562.5
2419607.0
159984.2
2945046.5
1078168.5
5184686.0
2538240.5
370661.62
55500.55
1672691.0
569394.56
264873.94
3471838.0
4460811.0
1701336.0
3663662.2
273954.47
873861.1
2287661.2
994082.8
1605693.6
2506275.5
2140008.8
2278272.8
781006.94
4406135.5
3741738.8
1676616.2
1889085.5
959933.75
877372.2
3772108.5
428908.72
1637312.9
