1535518.8
418886.1
1054508.1
774816.44
5727371.0
133624.98
2618101.8
835937.94
4401956.5
1219988.6
6655528.5
3807296.2
1622188.9
1036652.4
257672.34
3860741.5
1435135.5
1273420.9
3448427.5
469833.84
8099620.0
5075081.0
1099258.1
2149489.5
1722163.9
3515658.0
2302392.2
1208878.1
5592895.5
3056760.2
861503.94
841403.06
1438980.8
7139079.0
1477211.6
178038.73
112601.695
2987477.0
791299.2
950162.2
6260719.5
617481.0
2729803.5
1368990.5
752082.0
2473529.5
812297.0
1071511.0
1207832.4
2154061.0
4879185.5
503513.16
836843.94
3169485.8
96981.586
5817750.0
62932.477
435000.9
43272.09
