2197786.8
1830335.5
1591003.4
3093799.0
1093353.0
2946087.2
2637720.0
858329.8
185387.44
2216534.2
1122761.6
694323.5
1579383.4
318799.9
908789.75
290806.75
1136544.6
251524.73
106908.96
1534142.5
2845066.0
3529250.8
3256674.0
1337254.9
804974.6
1056347.5
88692.875
136610.88
1856164.6
263831.66
1694045.1
2282913.8
1260893.2
451351.53
1240022.0
621746.5
1574057.5
181527.34
106933.43
668188.2
8312.81
8425.359
178032.16
12023684.0
490731.38
70921.516
70395.32
423550.22
51276.176
97367.78
224196.42
