349221.22
386306.1
346811.28
295593.5
506172.25
279025.62
3329868.0
836912.8
876285.75
4829483.0
755499.0
539763.44
427524.53
630346.75
189082.9
1206273.1
887711.25
1095886.0
2091824.4
370379.22
3179578.5
2028215.8
1083678.6
5108252.0
93564.16
1025263.3
4114031.5
1899930.8
2021309.9
29191.139
141810.75
693272.4
29070.996
1936339.5
69615.85
1118055.8
1610112.1
2634099.0
976735.0
509011.53
2524505.5
873503.9
411798.97
716690.6
965565.1
918506.2
1344535.5
1665791.1
305552.94
1496064.4
6706700.5
2300953.5
2722258.8
568865.94
776359.7
259325.27
98812.39
780349.25
2175107.8
3180429.8
1476997.5
1436141.9
1082655.1
75650.66
176070.48
226207.47
99918.04
98027.305
32161.77
1797399.9
93664.36
51275.37
145651.73
5155429.0
8507937.0
234306.4
50132.79
49664.76
186791.73
