327903.5
93179.6
969947.06
474296.9
392958.4
1532064.0
994296.25
128667.87
1699652.6
863357.3
1560385.4
2204842.8
2816290.2
2198876.0
1617097.5
149769.31
1249716.8
619878.2
597389.1
213416.05
196131.42
1251500.2
489506.0
493400.88
453859.12
435001.94
771965.6
1022550.4
2258626.8
768996.7
256861.34
513886.28
1386513.1
301148.25
1357.9491
581916.2
457449.5
337117.8
517822.94
635630.8
1088393.2
1561263.9
1653440.1
1813409.8
926584.06
1210652.4
860054.5
195484.58
1350932.5
937309.8
179639.17
254894.23
230025.53
814787.5
2041868.2
1082992.2
624837.3
1734113.9
893796.1
4113222.0
3301262.2
693227.44
4574257.5
754115.0
165972.19
128627.07
36284.297
