1690786.0
182144.3
1950049.6
2200599.5
2603108.2
3291999.8
148759.22
3790866.0
1545904.5
289080.25
1212151.8
2522378.5
1582337.9
1284384.4
2193664.0
1723894.1
894127.5
1734054.1
429314.6
1098248.8
895523.8
3535081.2
1382475.6
367781.9
9616991.0
876661.7
2067016.4
2089185.9
921296.2
1331040.6
902196.6
4305844.0
1902889.4
1127460.1
687559.56
2022958.5
2010271.4
1823052.0
1995102.1
4034009.8
3556767.8
1257870.8
1965466.8
1127941.0
588016.56
1222590.9
2487674.2
894374.1
1930090.8
1146977.2
1824443.8
3653281.0
633564.2
710183.7
1546494.5
1611879.0
840427.4
766287.94
1082870.1
276965.66
2685989.2
1660494.1
2638431.8
530339.56
2186285.2
4095794.2
4514447.5
1137206.4
1513674.8
1036578.06
519246.12
166575.95
244618.86
226876.67
