3349506.0
2606689.2
469920.47
503991.56
1017992.94
3079263.2
851341.0
363178.34
5601735.0
1033637.06
2162471.5
4119769.8
6482099.5
1877758.5
1845533.1
1157111.8
2315269.5
868224.1
578776.2
632591.25
2949014.8
947692.2
746495.7
2818887.8
3464859.0
1357510.1
3387746.0
2810036.2
4004777.8
111807.62
459331.97
1289486.4
2940419.0
1437434.5
1299957.1
8416740.0
99570.26
1901732.1
6916272.0
1904440.4
1968490.6
3366338.0
665084.44
1060152.9
1995928.4
1436137.4
420512.88
2920892.0
82676.56
5250981.0
1345165.8
340594.56
1152432.8
5208992.0
1231063.4
1462576.1
4034081.2
647732.25
1714030.2
1735189.4
1568254.6
720565.6
3866561.2
1761823.8
1502938.9
959513.9
2307694.5
570039.8
145910.95
601466.8
18812.451
109754.875
133131.33
255601.47
435299.06
1103146.0
4036737.2
2626041.2
2192656.0
2702978.2
1579598.8
363003.2
9061580.0
32457.316
2919.3093
6640.0283
3735.5256
12788.172
945.9243
158004.22
143514.98
