2687261.2
2658852.0
926933.8
1429955.2
1276441.0
712439.4
1110652.2
2646666.2
1111963.5
496302.12
83553.88
2165078.2
1198320.0
6784301.0
46463.12
3415747.0
454074.22
1569085.8
1810642.0
799201.9
4112518.8
3852194.0
410280.06
2952836.8
1078895.9
1010234.6
1205617.8
4082603.8
1212436.4
2288056.2
3885105.8
738374.2
1310192.1
1525336.5
2781435.2
55674.98
2061001.9
523326.3
689572.2
176165.6
225500.19
426618.47
563479.0
5668852.5
125071.35
957236.56
1462034.5
652869.8
671177.0
1843969.4
2832826.5
785145.6
91211.695
67713.18
7610.9165
128165.83
57117.918
10601.072
1947.7582
1235.9292
298521.25
163096.05
