15826.2705
1182037.0
169901.14
3734319.8
49213.56
1628410.0
1184053.5
1633588.4
1071359.4
247040.58
4363176.0
686135.56
790176.44
1546658.6
401650.66
2047751.0
85389.805
866254.6
413726.66
242801.62
1852892.8
240570.34
250319.78
2052257.9
285031.38
2050934.6
3068252.2
714570.25
604439.5
387247.03
374476.6
648101.5
1973802.2
1393499.1
1831491.6
118863.55
2194612.8
711606.4
295166.78
1503059.5
860856.7
371774.28
1407454.5
1891468.2
2854201.2
1355338.4
32153.166
4262469.0
659683.5
615087.4
286955.4
4223120.5
3287550.8
291338.28
737399.4
553015.94
1482974.0
469920.16
1664642.4
1004530.06
596595.6
446483.38
139847.66
102314.01
848505.25
476650.0
812499.44
13008.605
16796.719
18057.004
9815914.0
1182786.6
266325.62
1338645.8
446496.72
298488.56
1141487.0
1007558.5
808172.44
314008.22
744092.94
1370747.1
1741646.4
597328.9
700092.5
739735.0
90521.7
120882.305
6669763.0
59536.016
