138866.12
1323242.8
4685380.0
112726.91
7703576.5
173566.2
5015791.5
3869769.0
11195215.0
613896.06
2138308.2
2849267.5
2312181.0
2894957.5
372341.94
549011.06
2271878.0
383980.62
577452.44
1225209.4
814272.4
301193.3
174642.58
9340980.0
946460.7
495190.06
4412571.0
100783.56
7437665.0
82394.1
9695124.0
848800.1
147355.56
6709155.0
387713.88
4932459.0
2750303.5
820090.56
4962444.0
165328.86
1557868.6
7599445.5
301918.78
354277.47
667573.4
1538029.1
953238.4
7256351.5
1653500.1
2469939.5
5260715.5
2361200.8
1083450.2
343182.3
1062151.4
311293.4
7314362.5
146570.98
646297.8
893415.44
3074085.2
1272878.2
754217.0
1460246.8
2555244.5
4352232.5
318000.34
3561220.5
1557132.9
308732.8
4055697.0
132458.48
7411965.5
467305.38
678812.25
1011965.25
679039.25
3790223.8
1909379.0
1914092.2
5519766.5
7618205.5
692962.6
1249607.2
951481.56
28849.475
3059.6672
736830.94
1760936.5
1379221.9
2230789.0
125310.234
106808.586
917031.56
8615992.0
222917.6
154176.06
186385.5
148243.06
