2855844.0
3027913.0
2534175.2
2606647.2
2756624.8
389118.8
2056345.5
266390.47
488229.5
1469899.4
1092291.4
2386715.0
2095842.2
3362168.5
1027453.56
1940652.1
1110949.0
1282168.4
1206576.4
3600035.0
4652532.0
7051233.5
545523.56
4140960.8
3270809.0
1173358.9
146404.89
145017.53
613011.0
1107487.1
101841.5
80143.78
398089.2
1140393.9
711892.2
43203.52
1971749.9
1215362.0
247402.61
955321.75
476355.2
286430.62
711012.3
1118550.6
63716.605
1284119.8
384369.72
386617.6
480135.56
1134973.9
570630.0
1891029.9
2153944.2
589524.5
1005414.75
641563.6
183990.11
127190.33
38697.3
1279105.8
250461.75
