367051.22
48817.863
48612.066
45332.695
246561.5
144851.58
101088.35
651116.3
9122844.0
38660.387
44900.555
45799.812
27894.398
11178.46
8620.008
107548.914
117681.98
73736.516
73870.36
131809.48
148569.78
155016.2
19245.256
50609.2
3091171.0
1689751.0
118168.35
2641668.5
914906.8
1696408.9
1090465.9
595946.4
30630.78
2628820.2
2891014.5
4452100.0
349016.94
241842.97
1148542.5
362712.56
938847.56
987767.3
2055743.8
2853311.5
456961.1
841697.94
779063.6
510630.16
1186307.9
2940045.5
643967.7
1642456.1
1593183.1
1125172.6
998450.06
694700.0
845788.06
767947.25
4844.236
10702.667
18627.248
8800.481
6474.4297
8731.705
14956.467
15801.851
63150.086
310654.75
181988.28
6507.3833
1842.2223
3927.675
6396.748
4222.4937
1889198.2
6142124.5
284454.84
76509.66
44782.855
457802.4
446946.53
947993.4
68254.766
14330.123
14460.069
15180.2295
