38266.38
33008.668
5527110.5
901945.5
98243.15
141437.31
71206.84
80683.88
76525.83
295181.0
106669.43
67570.65
124485.73
54109.965
75032.7
69517.59
44559.133
88695.67
45044.72
92915.61
37008.8
52521.734
113080.52
56706.223
125742.234
63946.375
87083.71
48793.39
161173.67
132482.98
36760.598
103535.57
324835.97
29340.674
170775.03
12773.59
40436.77
91393.17
1586090.1
8781504.0
76529.016
38377.98
134832.23
43714.293
136317.14
37933.793
125736.55
234245.89
285582.06
49345.3
116364.35
976470.9
361238.4
1167826.4
209145.52
129220.45
317994.03
7142729.0
64731.867
35225.633
