7474269.0
101505.08
1072497.1
934510.44
253681.95
532337.6
1568125.5
272310.5
963351.75
1013825.56
620139.25
1799371.4
380457.7
3394874.0
1592870.6
417420.56
957132.1
54720.348
873926.3
2809384.8
2082775.9
319889.6
1100938.9
447329.5
1362606.0
781612.25
612384.0
914412.94
1777868.9
1063870.4
1363364.5
698385.0
671973.2
1690876.5
926966.7
392443.2
1321581.2
1036282.5
3834461.2
1392081.2
4218403.5
192663.5
780923.4
158283.69
1786648.5
3855244.5
855595.0
1193500.8
1597406.2
1355254.2
450056.4
630757.5
1163491.2
835224.06
521158.34
1674828.1
621056.7
329678.16
366906.3
1056902.5
1633707.2
70026.64
