276483.38
313878.88
2628360.2
185995.17
723351.75
441493.44
1061500.5
430192.8
2533632.5
1189260.4
852930.94
8802.75
1517434.1
474020.84
520866.28
791090.94
26049.74
771717.2
836049.94
392330.4
1779213.0
1550083.2
1169950.5
663812.2
261363.84
7006251.5
81070.93
3141272.8
783063.56
2026534.4
990787.7
2505434.0
2407226.5
59419.98
2526633.5
1169521.8
1953325.6
2665137.5
1520170.1
6092304.0
733565.5
158224.12
370757.72
134656.94
997620.94
897402.8
2763713.0
2234847.2
754590.94
6458129.0
675813.44
908055.75
620149.75
4639786.5
136425.45
1267123.1
154545.1
212358.83
32120.074
7754405.0
