238742.03
3385185.0
1194123.9
92865.79
1033417.3
1323839.5
985888.1
28458.297
17185.232
2561187.0
188003.5
178290.03
678511.06
1461709.1
33623.59
2600.532
765825.6
402748.47
442194.56
1196735.1
718275.06
562381.56
520468.34
313768.1
1323117.1
8667.263
2288818.8
777846.44
597194.3
1249522.0
625134.8
633197.9
1662362.0
2818941.5
507934.88
149406.98
32899.46
31007.418
3791029.2
22560.863
821837.7
363693.1
2573333.0
381726.6
1025289.0
1338048.4
1343325.4
21572.338
1719994.5
36301.273
740065.75
289234.0
218931.7
287597.1
187544.64
103021.86
923788.8
97890.05
4059647.0
2346811.8
4861056.0
522931.72
1968087.8
41364.215
161008.4
6964366.5
127076.484
384359.16
47090.074
24516.4
217399.42
3241456.5
53436.23
73811.85
27456.996
7704.2314
72721.87
4403.9385
55306.477
176567.67
2290956.5
63601.066
22491.84
236298.36
