118221.88
32730.361
152559.14
148252.16
1496657.2
158965.4
569381.7
2947271.5
2489853.8
465096.5
528276.7
1182036.2
34089.9
1138003.6
2407518.2
7148533.0
3041783.5
373888.06
4173275.8
160044.53
1558535.5
13001.525
6589.0244
3691731.8
3627250.0
1171950.1
98390.086
2792838.8
303336.3
896377.06
417660.53
211233.19
1070460.6
2008674.6
862972.6
2543036.5
384543.97
497398.2
3098301.8
333176.9
1040025.94
1393785.0
1217782.0
191907.9
1664470.6
707924.2
2955970.2
184650.73
1926348.2
1977610.2
238327.22
1498879.8
2876191.0
1024640.44
1036367.75
995917.6
481236.03
545392.8
247803.1
168264.7
22245.52
22285.658
22260.574
22250.229
22312.639
22269.535
