11535018.0
301547.12
320000.62
1621741.2
8760.984
9834.984
2180034.0
545362.9
3091642.2
1149377.2
3315926.5
84939.445
255483.42
22771.398
58584.24
33559.33
8009769.5
4970.933
15301.855
8540.028
1055128.8
9447.629
8970.25
8571.498
104517.42
354762.12
1833929.0
1077995.9
314310.56
1065033.0
1079684.8
630421.2
369375.88
296061.8
2386596.2
221649.56
1545465.0
2911403.0
222847.3
36401.906
20558.96
31631.73
44853.523
2430189.0
313244.44
1204290.4
26140.557
2048498.9
27154.89
615006.4
1518972.4
1268608.1
1696854.2
2619668.2
1413873.2
1067687.8
714240.1
201829.38
385044.03
2450122.2
4220691.5
198835.89
868620.44
211453.75
898322.94
116253.35
3494376.5
254943.98
125425.164
285502.22
2853511.5
841270.8
881699.0
768649.56
214529.7
68708.484
36899.94
17379.082
4022415.8
49896.984
6704394.0
1356868.5
521805.44
1218174.8
839248.25
2573101.5
1225433.0
205657.33
535773.7
1492922.9
924886.94
233710.11
98267.586
1604136.2
52266.88
14900.607
1432575.2
121779.78
1118317.2
53946.684
39812.555
9817417.0
1663225.1
1437048.8
2471368.2
343122.6
1106059.4
3140873.8
2260520.0
1699992.9
1578806.8
609617.9
