166477.25
372077.66
1852350.4
4763513.5
1884141.0
830356.9
453470.16
412920.7
14689124.0
208010.11
2463979.8
2416828.0
6619458.5
1460500.0
3565584.0
4729925.0
4016549.5
5600949.0
236530.77
7568946.5
2795051.2
2374239.0
2559128.5
2273725.5
1231466.6
1484776.0
2085659.2
236736.7
2353605.5
882546.56
1826602.0
1108990.0
109086.4
2830044.5
3907910.8
21929.56
1181162.9
499150.28
1532491.9
1942967.2
4205086.0
8244044.5
194053.8
1261403.1
1169831.9
6231430.0
794666.6
1230804.6
931808.06
1152838.0
865149.3
1589265.9
730087.56
283683.16
1673227.9
7351800.0
1742965.6
7525367.0
972335.56
158955.77
235134.72
1107079.2
