1597400.0
2290923.0
2517578.8
2771539.0
3551064.5
208349.34
4769922.5
182747.0
1556242.6
1612222.2
657097.9
1285637.2
1397833.4
763742.2
1219057.0
1981724.4
627408.44
2378720.2
567317.1
638367.3
207284.36
10051038.0
2200291.2
89388.0
407902.16
498078.9
2395825.5
322517.16
4479383.0
975868.3
3214073.0
2209042.5
1584552.1
3511021.8
75821.67
1945988.4
2275885.2
2446115.2
3365015.8
1184175.4
1081391.4
11186.738
1778654.9
2876809.5
27533.32
351109.03
3482596.2
3824205.0
275620.47
2826214.5
329676.25
5999181.0
320228.3
427638.2
1771201.2
3113268.8
2295249.2
4089617.2
1479793.4
189862.16
