153401.39
72993.34
192363.06
290251.28
164158.64
967280.3
179856.44
101837.945
300097.75
12089.04
175615.52
383037.62
221510.16
2890.1482
521369.78
11506.072
5117.2285
320477.03
3294.7993
837849.06
1063844.0
6484.37
117592.66
93097.83
717762.2
11950.539
1190261.2
570776.7
1138693.8
1913526.2
1277.5559
2248.242
338763.78
96695.54
186056.86
1464391.9
734927.75
1028667.9
66360.84
628033.6
4016024.0
164936.33
893860.75
732857.06
654850.2
792538.3
1110909.8
515500.6
1071120.5
566679.44
399624.28
620245.2
84813.734
52923.055
1654182.2
296041.53
401575.75
850557.44
629783.4
557153.5
1797309.9
911610.0
470828.03
262730.7
1122536.8
515053.72
438292.84
481785.16
178251.28
1648073.9
156921.08
1807267.2
782305.44
766871.9
297196.5
255893.58
585067.1
1943679.5
1013981.4
2114221.0
424851.16
401899.0
267103.7
5201665.0
790636.94
712449.6
340185.06
576506.0
764121.25
208968.48
240039.28
20757.78
15240.806
9608.361
6787144.5
1410.9283
4342.285
3353.0942
