10500.764
18345.82
2706551.5
1501092.5
10655.133
3202276.5
79271.484
616320.3
32498.688
2446415.0
729249.8
1742589.0
1538833.8
1239277.5
293611.0
2828529.8
127060.414
960379.44
1605843.4
274672.6
2033.2336
820558.7
3259358.5
1859989.6
659339.3
20193.24
3967306.8
1557101.5
4284708.5
1264361.0
727364.7
925835.1
4594597.5
5092063.5
111112.03
1017111.0
5661.5825
4057979.8
99891.48
1256055.4
5444893.0
385862.3
1016176.6
650881.2
1643229.5
7657.5054
10442.174
4979755.0
545757.06
7726595.5
1836313.1
2455779.5
692173.94
1495561.0
1235629.4
2104816.0
8805.741
1758617.1
1823269.0
1175004.1
259595.12
618839.3
47538.996
2020615.5
252542.31
2113609.0
8850.249
2370763.0
3107659.2
1523028.0
346141.2
5021.734
2665.2043
4731.8564
3440301.5
1788209.5
3605573.0
6903635.0
136464.97
160320.3
29040.975
31695.389
23217.518
24748.8
22512.42
154386.64
313394.47
65300.055
60560.61
58258.93
839914.44
1581166.1
