169540.52
317748.62
1200160.9
946134.4
444283.2
1295824.5
102506.05
493820.28
877334.7
189508.08
166113.72
100145.53
244559.38
331106.5
187583.64
30107.85
46699.613
2211815.2
135829.06
537365.3
2304089.2
606829.3
398067.34
46433.184
77382.625
193184.08
11814.557
198118.64
377854.38
30881.23
221248.48
175188.03
698658.94
542089.3
66256.836
395167.53
260227.17
640744.3
68514.47
400750.7
337399.3
1166903.2
1070787.1
840483.2
1492591.0
104480.51
502428.0
1358495.0
12128.015
12822.233
16914.848
95310.15
977750.75
12960.49
220522.89
15802.468
6964.6245
6073.5415
318478.8
724387.8
447272.88
379715.38
288804.7
809923.8
308674.47
298860.47
272998.38
225137.6
42611.07
476988.75
130993.48
189623.6
292351.3
338330.66
643855.4
563616.94
288751.78
76612.92
43533.594
1129535.0
960202.6
984582.4
131699.5
798277.06
264093.38
14614.131
44803.332
791031.2
3731.9473
292920.44
