3068173.5
812891.7
1544101.4
90514.33
1171336.4
947635.5
708310.0
2739117.2
784595.25
1199038.1
287562.1
200391.08
1201504.6
107041.59
3505475.0
611364.44
4897629.0
443432.6
92549.02
3626080.2
755428.6
186231.7
1050014.9
2690076.2
3861833.8
277257.1
304950.62
566171.56
3223609.0
673830.4
423216.34
622727.4
1622499.2
23909.008
838911.0
557706.06
602992.8
434146.84
1442889.2
1703411.1
405093.22
1234590.6
31812.375
88944.695
210816.94
227884.06
1416963.2
7875755.5
7916.212
959934.44
522624.8
399647.16
484324.2
863981.44
1615313.0
402806.72
3630392.5
21208.406
15270.3
443654.66
123346.84
