987666.9
1400966.9
549249.25
1103776.5
1227218.6
349724.78
184835.58
2429666.2
5795.6367
6170.658
5768.953
346058.6
31504.838
5353392.5
101245.24
314047.72
2238024.5
80681.95
213999.22
413330.28
121092.84
3629404.8
2203846.8
673682.0
1790824.8
1595083.6
618251.9
348485.22
1466302.0
199994.23
4404362.5
5122368.5
2522994.0
5690.004
7628.5107
6979.7983
5122.8916
9095.834
434295.2
2050740.9
1384136.6
1168336.5
997165.0
1337382.2
2175497.0
370291.2
1089121.6
4255.4897
2962.7534
12009.883
8788.993
18364.236
10549.091
3011.459
3191.064
2715.389
3733.5173
11315.303
4139.837
2168.5579
400.47656
440.6804
