68302.7
817282.4
1582568.5
110390.78
9411.964
468990.25
871813.2
60410.96
337868.53
135664.3
4835598.5
15492.877
11448.715
2517756.2
123531.414
34474.074
424748.84
1387109.2
427427.78
1136085.5
292917.9
231855.64
174616.58
994212.0
17736.13
2094348.1
185563.8
1378897.9
1863668.1
545610.7
13772.541
119314.11
38119.82
154348.81
1903146.5
597268.56
267724.3
7313154.0
26961.984
8346.039
1980381.8
345923.16
750984.56
1138780.8
467498.2
325871.0
2440886.8
58392.117
140031.58
876151.3
6041.398
25804.172
12758.298
722623.7
942759.25
2175109.2
1481.3341
348303.84
1650248.1
915231.9
221471.28
95498.09
248697.36
144651.05
758824.2
644730.0
451336.34
4607609.5
2456.9358
3947.465
297488.03
9946638.0
66626.65
2129488.5
2428002.0
27693.807
3395942.8
2211.4902
9573622.0
179793.2
59031.293
58725.246
58400.957
58400.957
58468.44
