2081151.9
778627.25
5190280.5
1909262.4
66470.414
90878.836
343016.7
1478886.4
61330.18
9439.688
2438263.2
767718.8
474883.22
1300612.9
2220878.5
175472.55
3071584.8
1679682.1
433403.28
1129055.4
840223.4
2074744.0
1635809.6
3327087.2
626660.3
911406.9
2084765.5
656844.4
555439.44
827611.7
736657.8
408668.72
430959.47
3122487.5
2009295.5
1527364.6
983751.25
556952.0
2504517.0
235257.7
1408406.8
1415444.1
740791.9
481268.03
1355715.1
1560470.9
492391.03
151947.8
63703.957
631071.3
1564028.9
279452.94
1982638.1
153660.22
2387043.5
1755777.8
1155626.0
2176379.8
510775.12
413956.44
135991.78
812246.06
1257459.1
1733020.4
629743.2
1716632.0
356859.72
539830.7
305557.12
687224.0
1802880.5
10919.137
3573227.2
363482.66
2329719.2
2514631.5
590145.94
195998.6
83845.695
62553.54
369179.97
729856.3
167566.16
94222.17
421320.5
236431.5
114687.6
176529.12
7956.448
90823.6
