8568243.0
794426.6
333706.97
289794.44
630193.75
5388801.5
30338.66
12134.938
2720727.2
6807874.0
29171.764
35891.016
5260.3755
3798.6565
7980.775
34066.246
8221654.5
264827.47
275831.03
412783.72
375624.25
1458979.0
4046.2092
908302.56
36016.746
36267.19
19272.818
13469.75
132602.9
26708.916
3375087.2
2003514.2
6396.041
1652846.6
8329.4
455219.72
5537087.0
192258.77
1914515.1
142477.88
2033569.6
28843.068
6326.597
9848.545
603417.4
712757.5
38897.65
123820.73
93439.11
1729687.9
32548.197
2002178.0
1774704.4
47999.83
6798.4673
2515007.8
276683.1
47980.2
16311.558
7804.5815
245282.38
