7590017.5
21584.086
16901.39
870509.0
177320.34
552259.7
11632.6875
11493.785
175238.66
20121.008
11200.095
392042.94
360752.03
474393.3
109652.03
51167.07
386364.16
172672.17
48361.84
185217.9
521805.12
131976.38
28573.908
52461.56
1814801.2
1846983.1
40127.477
51779.13
62010.61
39390.168
37544.34
48620.1
390802.5
47908.605
119753.164
141064.05
103246.36
622410.4
884355.5
332502.28
199448.55
101677.055
366034.34
26686.924
114809.766
658774.7
94640.49
84806.46
11070.041
17256.604
53875.707
28494.557
27390.676
597529.56
259516.69
