87699.984
710712.2
2669404.0
1319511.0
749762.8
7473589.0
47641.12
330174.5
979600.9
2861535.5
730411.1
869992.4
1041313.44
451112.7
2591065.0
1282291.6
619370.6
3380439.8
4086123.0
205283.95
3805710.2
987120.94
1931956.4
349694.0
214293.23
2368811.0
1018321.7
449820.06
7811261.5
469734.03
754213.8
865719.7
1344302.4
935139.6
1742413.2
2771060.8
7935.0845
82505.67
3195219.5
785262.7
4628237.5
2609862.5
1957883.1
291621.4
1748706.5
1458922.9
590752.1
1016994.7
417523.22
1375067.9
1335071.2
567581.56
879851.7
3043466.8
2924926.5
251050.64
375722.0
15484.11
650287.3
1095851.4
797581.44
1977611.9
8272428.0
1844531.6
3972012.8
531963.25
6654115.5
958815.7
1569533.9
1331072.9
372275.6
396224.6
1118268.0
1451093.9
2785824.2
205802.28
3274411.5
721450.7
634468.6
1190311.5
3709029.0
480087.66
249545.83
1402243.9
1878850.2
160724.06
700942.2
57683.957
95708.63
29759.822
