1380512.1
1005969.94
4124339.0
345679.34
2211418.8
2578458.2
2977072.2
1888047.8
767130.2
75415.53
1096683.8
810544.7
855169.06
1632376.5
73427.164
22705.352
1318115.6
3083597.8
76181.33
1274834.0
1556729.9
545690.94
2543508.0
78655.34
1133624.6
723517.5
406861.44
1453063.2
1845546.9
1967659.2
928690.6
2664856.0
2180321.2
2288367.0
1989923.4
671949.06
3013325.8
2460427.5
582768.9
1238041.1
3010034.8
188021.23
1516117.6
2570551.5
1073190.6
2888755.2
1553095.5
663587.0
744188.06
472838.38
156440.19
1838468.6
765182.44
220264.89
915267.06
19692.215
234923.03
44661.516
7649.3833
218493.73
