6895189.5
161466.55
3217092.8
49394.58
861824.7
217402.22
418981.6
1368784.5
2100675.0
655151.75
2153604.2
3289844.5
28166.594
13041.779
61567.1
154297.6
500606.8
148243.06
148243.06
167318.03
284918.75
143930.02
897893.7
267579.94
2467658.5
239812.11
424360.38
2534906.2
944522.6
871857.1
385049.53
169574.11
350227.44
454636.75
752994.25
235617.08
211373.78
849943.7
743247.7
1512450.2
40778.137
1636582.9
95670.164
420147.4
543576.56
2442117.2
187370.5
794836.06
34065.293
35823.824
1114105.0
450738.88
2717858.0
2309196.5
3335701.8
810338.06
202390.8
72754.2
2232634.5
35358.508
37585.312
18213.762
2060017.9
365092.2
2363406.8
24097.807
30490.648
19538.281
11710.488
9592.545
375129.84
1458926.1
1004993.56
594121.25
535391.8
45800.566
530663.56
1209344.1
692788.06
284086.62
33735.96
2089596.6
665420.0
117922.43
258896.12
2640822.2
11655.019
1689360.2
99220.914
1452785.6
1246337.6
474892.62
1620624.0
24356.445
10569.698
2015301.9
1064740.2
42702.13
1534460.4
94639.16
100995.27
425832.88
110725.4
751943.4
607635.2
741167.1
1432035.2
3254737.5
