2166388.0
839223.2
20942.514
166869.17
21616.416
2474999.5
4636153.5
1326871.4
17984.936
522248.0
347507.78
1761668.0
1136545.9
1680526.5
403420.5
401968.03
1015711.75
1808249.5
1309365.5
9529502.0
410641.62
3668658.8
96848.21
903847.2
116693.875
2446699.2
1902167.4
249029.12
327586.12
429410.75
33141.727
1688802.4
26223.283
171713.95
4089.299
2813491.8
350166.9
212042.62
1003111.6
2977563.0
259569.78
1469267.6
1661058.6
1046667.44
804780.06
2403617.8
1497944.4
322250.1
250019.81
4352766.0
29489.242
20366.084
43750.97
539612.25
190039.03
1600718.9
540327.2
257351.58
900415.9
761027.2
351813.6
962527.0
172689.56
62770.055
1020937.2
432002.47
1631218.4
51291.773
3283.3037
14961.987
3129.746
7989.2124
10643.904
76030.086
58564.594
17501.928
4140175.8
1019036.75
588108.8
389176.9
7492814.5
3746123.2
5926576.5
5147892.0
7618262.0
2539341.0
1089475.9
1674198.1
1755675.0
95910.96
