10293488.0
238030.52
1777483.4
2626646.2
2983786.0
2081932.8
1382432.4
1009056.2
545969.6
2155962.5
1513847.2
1396463.0
1123834.6
3241904.5
255564.02
3306546.8
2188339.8
861500.4
5897840.5
1656597.0
2925563.2
753922.5
3513956.8
1076415.5
4098513.2
1997114.4
2236792.2
1214352.6
1732061.9
316183.8
1811905.9
751319.1
1553980.6
259991.95
2398187.8
721031.2
685476.9
742080.2
3482429.2
10700286.0
1081355.4
937022.5
870745.5
1579514.6
467122.6
676348.0
1869627.4
1800727.0
132056.23
8656.755
103939.37
1202958.2
1402324.6
1181594.6
379018.12
2144440.5
943868.2
2254000.5
649845.06
17605.336
10045.506
1116172.5
153797.92
