262297.16
114247.04
558146.1
467211.9
535453.8
805780.4
12389.461
925767.2
135830.38
1557763.6
222707.52
41144.867
229530.1
721138.2
583852.5
49614.41
141560.23
661568.25
291830.22
45031.438
9170.061
24070.06
134003.7
367794.03
555373.44
2007133.4
1410202.1
1249323.2
1124424.2
56708.152
7022.536
54724.12
70158.31
10298.035
1414337.4
22723.977
826300.0
70169.984
18633.65
1457138.5
84639.0
10168.597
364060.34
451377.28
571930.06
481308.4
715105.0
336116.5
872074.0
533266.56
67774.86
33309.11
221468.84
348202.12
2785527.8
1021837.06
983704.5
85697.1
39654.793
456697.78
893089.4
2007927.6
42319.207
46493.656
651140.9
938644.5
1346543.0
338423.06
426431.22
1123699.5
30348.992
219022.47
75466.07
98778.4
38537.85
284799.94
28869.188
97251.81
32178.234
84198.586
194297.98
43784.016
139695.36
65932.234
66321.445
28071.488
198178.97
193637.78
614607.75
15420.278
593043.56
36929.88
38567.336
42176.566
27909.016
13221.495
179948.6
14336.877
20499.633
20209.84
