58960.92
148148.12
294755.4
1569838.1
1853005.9
1117776.5
1776743.9
2546873.0
2116668.2
528934.94
13538.559
30284.744
35056.13
2739910.2
8431.495
594264.9
2221586.0
1581709.4
2085555.2
3444447.8
204738.67
547002.06
67601.664
9574.575
15255.462
22549.031
48500.03
1101998.6
148951.69
149266.3
438984.78
373897.72
1716808.6
88373.59
970235.25
39517.598
43395.742
43818.504
141952.38
263099.88
325431.5
428363.62
1366325.8
3264271.5
256188.86
611243.0
903029.2
519570.6
214944.81
1516306.9
23836.467
21092.64
28888.053
24842.783
30292.758
26289.045
11878.17
1707777.5
85247.39
152207.25
194481.9
311135.75
32029.035
41794.277
31125.146
24218.021
15735.079
15511.627
11038.879
14941.003
14481.723
16649.863
20192.453
26741.926
22921.986
21373.94
20846.875
30877.506
37053.715
854677.75
65369.773
371260.2
957559.3
307544.28
63751.035
46069.957
9689.592
203550.6
