4595095.5
6258439.5
724791.7
287432.47
635371.3
69795.234
404963.47
37813.332
45782.227
179547.11
68162.57
61683.02
3293397.2
14233.56
14422.076
381112.47
196536.36
5325976.5
29672.11
53826.957
121527.09
26084.248
152351.44
111621.05
47590.36
19167.46
443264.28
53073.97
43112.957
1055532.6
891543.8
486340.44
1216870.2
1389045.9
1175140.2
569967.7
380233.3
309968.56
447546.53
688501.4
785473.0
188560.62
313591.8
277934.25
498963.9
182289.39
141909.19
505058.75
197196.83
260488.16
367222.03
559545.25
187187.0
700581.94
261839.81
80149.76
470519.53
789142.6
150604.88
1089202.6
381377.34
175472.92
372238.78
5831057.0
305581.56
139824.48
153037.33
4722086.5
305650.06
32697.79
388013.0
701557.44
157386.34
914189.4
2418425.5
282941.84
453805.16
1765844.4
3466158.5
1346356.6
726682.94
388509.72
198623.45
388441.66
80184.9
506921.34
1020039.3
110866.33
1009566.7
247110.47
386374.38
877006.6
759491.6
233713.19
160542.03
472234.2
354084.12
584953.6
485324.47
615860.25
947518.0
228956.72
92131.92
257421.98
1328540.0
266953.22
81453.77
1589959.4
161607.89
2251392.5
821934.5
525363.75
99558.15
13299.516
