440605.44
5876614.5
1056722.9
983007.75
615835.4
725418.44
216804.38
1824323.1
890343.56
207233.9
767948.5
2383031.0
489431.22
588538.25
1483018.6
1530872.5
1136562.6
843567.25
764278.9
1866834.1
327379.03
910321.1
665530.3
1254799.2
506307.34
729480.2
1427991.0
754741.0
283657.72
1021497.44
844455.4
629653.4
347589.44
533757.8
328224.03
1121671.9
722923.56
655334.44
1000048.8
773386.75
932666.2
715372.06
359744.53
1279684.6
908603.8
826576.5
419847.56
1400247.2
409672.0
439631.62
1152644.1
1669840.4
4736737.5
200682.22
285959.66
350532.62
326283.75
9080.961
3001.8506
951437.7
13502.166
505811.78
121634.86
