605165.75
1234214.2
4134077.2
534064.25
373648.78
4673359.0
161303.39
2589264.8
137303.64
155175.4
332259.3
294315.9
2518770.8
1084498.4
527461.75
503591.4
482457.12
425100.2
733711.2
1727039.2
99701.07
31662.672
752710.56
1628768.0
2639890.0
264361.22
881673.94
5315220.5
670720.6
1447938.8
1068753.5
1004110.7
799089.1
25747.44
32741.82
39983.14
532026.3
773457.75
2079425.9
876466.0
601289.75
1569651.0
2027356.1
1978786.5
2647281.8
1192874.6
2935182.5
546730.56
2478194.2
1059400.9
5360766.0
501249.7
969668.9
314077.16
326751.88
2082801.9
2247271.0
552709.44
100846.73
357196.8
622460.4
842286.06
2779.8848
2609433.8
385961.12
2131872.2
1986256.5
1374369.1
706413.25
1031203.2
187010.47
2779889.5
7593166.5
689379.25
1526366.8
2267925.2
1662365.5
1649165.5
1087095.9
700927.2
338658.72
419077.72
39145.94
3723971.8
1419621.1
1716348.2
136019.2
179427.9
78085.16
