137722.58
15895212.0
1486489.5
1536131.1
39953.855
291654.6
209268.61
1550414.8
1337016.4
167916.92
931838.25
403052.03
1123237.1
701188.2
623669.4
2502656.0
1448142.1
751755.3
1304863.1
659013.56
1710784.9
431092.5
1872285.8
1420785.0
2386252.5
458042.78
1283726.6
1608429.8
499948.5
891677.94
1434874.1
127522.26
54947.984
767863.1
480737.4
73559.37
321561.38
507076.84
823935.1
83477.3
176287.75
573614.06
717483.56
1995503.6
1336970.2
1294625.0
2113077.0
1606069.6
1353224.8
561713.8
498258.78
722423.44
1766001.0
70527.625
2870591.0
417090.66
2590540.2
98195.44
422874.4
244706.67
843870.3
899011.25
2774285.0
1987580.8
1642369.9
728559.4
2985969.5
3839362.2
2200100.2
2096779.4
1661935.9
1221337.8
1799036.4
441028.28
638160.1
402923.06
556745.1
384572.12
637950.9
946599.06
429035.1
50746.73
646696.56
833725.56
306188.75
86011.59
396604.38
226388.66
1535348.5
2132639.0
805058.6
181519.2
158093.06
