2911491.5
1878361.1
2321207.0
1184888.5
2794981.5
828724.6
728329.8
1600417.4
7604890.0
263002.75
250716.47
1399235.1
1178271.2
2483317.2
729873.56
1316328.1
1263752.2
4415179.0
2698082.0
878577.1
4696918.5
4557414.5
600660.4
2966753.8
838980.8
905476.25
3349369.0
2858201.0
2300660.8
1471392.4
2129064.5
1684142.0
4819798.0
7223658.0
933328.3
2048547.8
5719093.0
335700.16
602538.06
3125213.5
842260.7
1337009.9
1659953.1
5988716.5
9685454.0
273303.5
2365115.8
829833.0
387667.5
67264.3
1474787.5
39418.387
438721.34
86003.11
90727.53
62344.742
803.675
4896.811
2189.7092
3948.7139
