2269771.8
3024463.2
596214.7
576025.56
719818.0
329155.7
492105.53
482480.7
93714.34
2237022.8
10059.8545
20815.623
14951.263
17500.383
22060.85
18743.053
1074475.2
185378.47
150387.38
839387.1
48001.26
801430.75
178361.38
769136.0
124166.84
328903.12
225655.06
153443.69
560547.3
165278.62
91464.44
4394.9014
146414.47
1161303.5
167871.6
161440.66
175824.0
468620.16
2630.1843
2076.3616
9953.912
1824667.6
42303.418
1010677.7
414281.97
2655029.5
70149.57
40896.176
3119816.0
220675.73
790850.2
105233.984
194439.14
346676.3
514319.12
3986356.8
2875131.5
491061.56
162604.7
260751.38
470543.75
680846.7
187145.73
497723.25
1811555.8
277871.34
725459.6
304600.78
162062.53
968153.94
11374.872
6832.165
267387.0
121270.19
59437.273
47214.746
108428.87
154307.64
39994.1
14856.777
347580.38
1706510.5
1176067.6
2943368.2
3626008.8
4373.4697
2874.0813
211982.42
3721.4717
17741.014
2509.7515
7034.7676
1763.9082
6143.3364
1477727.4
2040556.9
675199.44
1187859.4
167789.4
298455.53
117293.73
187131.81
1247572.8
332660.47
5839.8647
1517674.6
330775.25
617722.06
16765.617
5498.6943
30643.713
47652.418
23509.111
2223984.5
14991.174
14643.555
16864.016
15467.42
23454.596
21173.697
