562473.8
711558.5
713852.2
502415.53
375229.56
198585.48
2053132.6
1167559.5
1477246.1
2423264.2
195873.42
1234334.5
31935.146
168057.12
21084.121
6387.204
1573282.6
2099253.5
2092153.1
57125.383
2485985.5
9847.291
3122381.2
47222.23
1958816.4
960040.06
257639.03
2802013.2
2365193.2
1059751.9
555404.9
570455.06
464585.72
234648.1
687510.8
32691.82
885432.94
318072.88
1073192.4
1028848.7
1017365.25
757450.7
1506986.1
331706.7
116262.45
1319481.9
1515507.5
497621.62
83010.625
177105.27
763819.7
1085033.9
1500517.6
2014993.5
494138.88
1645945.4
463236.22
511989.1
2180440.8
245549.55
1723022.8
793156.75
1650707.5
2160387.0
686420.3
285490.1
1933023.9
1102075.6
64001.406
8018925.5
254068.12
30897.645
22207.824
1182504.1
59595.47
196742.23
