446.49908
1212261.0
172656.77
383593.12
933009.9
1276717.9
2068290.2
249640.97
101200.65
296800.5
891131.9
987144.25
1303046.9
4488830.0
2321435.5
199855.97
136227.72
1821381.4
2105271.8
2850561.0
465026.97
1981076.0
1591798.0
477976.97
851377.44
904236.8
4714946.0
404899.38
298290.88
878486.3
867389.2
57643.844
83123.93
3366483.8
476411.2
265049.72
1913945.6
1375362.1
1447099.5
487360.12
2750756.5
1436501.8
1375250.6
560529.25
1678032.9
525935.8
830424.44
933153.0
1834903.8
1674315.1
377166.25
862526.75
2117994.5
235696.98
1265068.4
1047715.44
188184.6
388447.1
4912685.5
3299348.0
158616.2
3418727.8
1584593.2
714288.0
103291.195
981966.44
69426.01
188189.44
320103.28
860167.56
2119107.2
187731.66
205986.03
24642.924
594301.75
525696.44
20793.053
6993.4683
