174568.89
112953.664
85345.125
553402.0
154879.61
838188.6
120205.6
641501.7
1176015.5
156810.31
540176.1
242616.28
750148.56
326928.2
244733.33
533417.4
1724825.4
215907.94
1317075.9
243993.73
373586.56
357086.44
1450881.8
1138508.1
621033.8
451942.0
256554.25
1559057.0
833865.3
390258.3
2148006.2
235099.12
327352.12
159960.8
879418.0
404393.8
235808.22
212687.34
2862.441
7549.9224
1030799.56
318625.25
608919.2
210248.03
1679.2242
168050.19
878337.94
107665.33
283073.25
4221438.5
3025398.0
256410.0
94318.414
1415858.8
18218.5
10144.398
413998.94
147264.27
145723.55
75711.26
58300.75
775357.06
394187.7
221680.02
375734.12
164393.14
5936.2134
3331.9705
