10014310.0
4607094.5
116109.62
170064.22
734858.75
1229189.8
680634.3
318943.2
248452.89
306161.97
11689.624
854458.0
614166.06
638791.75
1041190.75
1321560.2
344440.3
51888.457
37660.312
22416.465
1540121.2
1739310.6
3602963.0
1537690.2
18044.002
25783.807
137557.16
2371495.8
3270691.5
701076.94
786709.5
167639.16
390566.0
181692.11
145460.52
227517.92
317690.12
18537.148
518242.56
291242.38
53556.406
26848.004
403746.8
365225.66
308175.1
286060.4
1091713.2
96210.54
231765.84
797787.5
683910.5
598505.75
288156.47
170525.2
253536.53
141963.86
170373.78
430370.38
24769.064
41053.8
44045.83
352831.16
495718.8
91435.836
139438.86
128574.17
476674.06
702448.06
123622.195
104936.3
131186.72
2861100.0
50767.98
37486.254
115282.32
97785.27
109469.11
42861.164
12583369.0
2192.0562
1711.3156
121991.08
148243.06
