16965.012
100447.125
305404.88
88395.37
1951411.5
432762.38
158731.89
616443.56
223238.33
6250428.0
1009158.25
8603916.0
12637966.0
11165.498
14002.254
33510.21
193850.28
181733.22
486890.6
210506.14
668229.3
22640.193
508343.78
12858.178
12834.536
10245.678
11385.574
1066011.2
421931.03
211094.28
479872.5
504934.44
35395.12
301942.16
616997.8
1068148.0
9039.445
8918.393
518192.06
1848385.6
6026.6377
66628.32
475867.8
3363988.0
2643.6128
43183.55
706978.6
795337.1
3919938.5
12225.728
1860239.4
744409.75
755777.5
3503874.0
26026.408
41552.043
1679057.2
1753891.2
1570142.9
2038146.6
641511.06
14962.541
6510.1504
11697.439
229890.31
47281.027
17312.746
18387.715
4675.2275
4408.7173
8149992.0
162755.75
12820.694
143210.6
216090.92
1754149.8
