1166460.6
597477.9
799425.9
1859652.1
1515221.4
148436.27
148243.06
150232.56
147129.98
148243.06
7880898.0
32128.086
497578.78
596516.3
257618.44
430724.6
4653015.0
1434767.1
268937.16
1812576.4
647808.7
222916.28
18500.9
1084891.4
1102381.1
4977883.0
694739.9
1115311.5
218944.89
849515.5
254726.58
803443.94
243859.94
123491.81
1556162.0
3074059.8
352103.22
481724.78
2994315.8
1122183.1
2164667.2
655879.06
3936476.2
1531544.1
561271.44
2344964.8
4078247.0
634629.75
134545.56
6404385.0
231831.84
448662.12
4397578.5
685112.4
927138.75
2635578.0
12620.657
793313.1
86758.64
9866.749
