84300.09
9199474.0
17670.938
73750.52
245285.39
103798.4
150502.45
129651.67
131411.97
180178.62
850757.1
586157.56
396229.53
1077.8306
2244.0244
1786.0773
2305.3938
1749.5353
2132.8872
942.72424
191026.47
1463.2598
3249.294
277214.2
125084.35
135569.02
214726.8
73890.42
22026.664
106910.234
55409.71
44707.023
54559.434
60456.02
131087.89
85241.805
156800.48
171165.28
372197.22
148297.36
180616.89
129154.21
180951.45
96951.734
63481.438
100147.984
77486.78
276129.06
22256.906
149784.81
142260.6
81433.734
105298.56
182481.31
71452.84
92453.6
145833.75
76121.57
77310.64
8418635.0
216685.98
45034.47
1040513.44
7285292.0
173202.11
2030814.0
1218267.6
485565.97
1791698.8
206901.05
273597.0
1048871.9
1031246.75
256688.08
970355.44
2132484.8
1972978.0
383673.06
1966461.6
1236771.0
498403.75
2785021.2
3375960.2
1351701.2
403717.38
695438.8
183003.9
755392.4
90581.625
49604.844
98656.48
36894.68
36443.316
1719657.4
462207.3
570347.9
652483.0
177128.03
191697.77
10274.484
511.72418
1518.5714
1325.8723
1134.1619
1646.8237
1225.4208
632.3914
1197.4734
960.6979
444298.75
2650834.0
8735051.0
470832.06
624252.06
1333894.4
101560.2
785326.1
148877.17
384902.6
