7367761.0
308885.88
588577.9
118253.54
433477.5
217145.34
893279.94
242497.9
805379.6
455466.56
1506869.0
1378485.6
695898.7
1183173.2
952539.3
148179.11
42875.785
223532.44
560232.44
109737.19
114350.7
144819.56
299539.38
875651.0
164610.1
66285.51
116645.4
88034.75
98792.664
527873.75
741708.94
1025323.5
681169.56
449838.66
1089670.8
50433.67
46710.89
1111889.2
614505.44
414656.84
1116326.0
209250.58
488687.78
944017.9
381469.12
577954.44
52826.65
176607.77
155177.14
121817.43
110127.73
234765.05
171811.73
755471.4
1228219.4
1210289.6
2930104.8
13892.099
17472.332
11930.482
389041.8
