6353.459
62927.04
3482228.2
9379295.0
348199.7
21044.713
111993.79
87093.49
6260.1963
7425.594
4341.3237
2327512.2
264646.0
1327659.5
1056993.2
462294.84
525506.56
1776789.1
2014824.8
120653.05
8626.297
5830.395
7079.18
946690.0
2460384.2
3263255.8
322847.66
90875.62
828920.94
498946.16
2064281.6
962803.8
675693.56
519533.4
3687185.8
1332614.0
1790202.4
341863.97
660103.2
197613.88
229195.55
530756.5
49606.09
96487.1
5984.5938
6479.427
6449.3667
982006.2
1147643.4
2350353.5
280292.8
2642278.2
954588.6
2186123.5
1276563.1
255152.02
336932.7
330383.72
404088.0
114696.29
90004.516
126618.516
600958.2
199176.78
2084111.6
2712813.0
26602.805
30824.549
34417.266
14810.51
929719.94
37049.402
929537.25
200305.78
1182092.4
1591388.9
17148.965
1307072.5
4707072.5
1500125.0
