2191885.8
1612478.8
458360.7
2055971.8
108823.41
979813.75
1873351.0
2326093.5
3194407.8
106781.49
782092.2
1346989.0
1184538.6
247639.4
776723.25
341193.34
639124.75
715204.06
760136.1
58894.562
2067910.6
552432.8
714225.3
779596.44
584814.7
1780688.6
1074248.1
1356586.5
2164327.0
229491.81
116577.24
2945225.2
425372.5
2339687.5
803368.4
164769.55
1406666.0
778913.8
610428.94
534898.44
128073.164
69858.07
451304.5
2476103.2
290796.0
90365.82
849780.5
184990.64
169909.22
703983.8
461678.8
2725978.5
947170.44
31117.828
24685.232
24469.787
5440.0557
72655.11
