99226.91
191570.22
3622553.5
530175.94
272404.03
776511.1
236966.78
4587277.5
723271.06
205177.4
183436.84
3562698.5
348196.66
75592.164
3561843.2
1076347.4
818446.4
2445234.5
229363.9
225856.88
4550719.5
148999.3
1142104.2
204901.03
799877.56
15468.474
2998778.8
50959.492
637935.1
331305.44
595626.9
7255534.0
789573.06
416796.94
340049.75
4420248.0
312491.8
214588.95
215721.19
513767.2
18158.975
368540.66
307793.6
795571.9
204603.1
52724.883
495843.1
176770.83
250513.11
150848.22
1444376.0
23934.955
23934.955
