21658.746
19759.83
57534.04
59033.562
36404.758
41532.5
17316.074
44890.44
544752.06
1275725.5
427151.22
1692870.6
7037.916
64459.01
64484.938
1021664.56
891856.1
1526477.2
151704.62
49448.84
24909.229
29041.67
20568.12
50856.773
20785.01
692.6448
2255173.0
524116.34
577242.8
297157.6
584083.0
33719.043
2049021.9
7464843.5
620897.75
103926.61
13240.459
1824697.5
16912.303
54558.656
36216.57
1202717.9
1907424.8
346203.16
146928.95
7822.3994
61568.902
247942.44
300514.16
833234.25
59512.36
1455190.0
2105887.8
1217178.5
26937.564
37973.906
2174789.2
356421.8
251648.2
444858.4
203266.77
138608.34
839011.25
27656.697
989805.9
753646.1
2648895.8
446279.38
403474.75
224421.98
111790.48
8270.847
6407.01
36489.863
32840.17
122702.25
726256.44
809707.6
72623.016
20092.701
8144.1826
1249645.4
10331.393
47923.79
28890.559
105233.94
