80926.89
49687.555
763817.4
16534.11
42556.836
448437.6
162818.55
136572.89
411679.38
129627.79
93385.8
54235.035
3483633.0
154720.03
2003477.2
179070.56
643153.6
2085653.4
152087.05
461093.8
577968.4
1447648.2
1399620.8
110726.195
420750.44
299060.16
1623374.5
304743.62
242335.4
469366.6
1019044.56
364999.03
2181900.5
128229.44
757398.4
805523.75
366525.75
764270.4
2050687.4
80871.67
505484.66
159070.92
220448.64
202585.53
866516.6
18381.463
18101.285
278814.06
17381.926
164886.6
22432.797
22434.344
