998858.7
1196638.6
1506583.6
745145.25
154811.3
2958180.2
1761806.6
8193.641
4476.354
1563.8811
1635560.1
2019487.8
2898597.0
180878.89
1659277.1
1921720.6
65273.69
91702.33
326037.75
745198.94
9252.835
272199.16
1786987.4
427095.72
176881.62
2804578.8
116826.52
3705285.5
1785276.2
447775.22
976064.4
1615718.9
2684195.0
3013.9656
514289.97
1882012.8
52961.93
1604832.9
663568.2
1373375.5
3276403.5
178564.61
2061419.9
2245477.5
1086461.1
292608.3
2216072.8
81119.695
721645.5
3135387.2
1298481.2
1451503.9
283607.22
1147296.4
10073.17
7398.847
529342.75
4748671.0
3069433.2
1822709.1
133856.25
1438761.4
1631750.0
744281.0
9219568.0
104330.9
131632.77
7410454.5
188230.0
303816.5
561457.25
5320.5234
8485972.0
4349945.5
17463.705
4760.7197
4487.505
6704.34
4491.081
5617.05
4659.0347
4482.248
8065.4595
4645.602
