2440407.8
69277.914
529210.25
74547.57
42009.742
2581112.8
85548.39
953784.25
1329116.8
1297829.0
387528.56
1195033.5
52570.438
232157.19
3316332.8
922784.44
305913.8
970298.44
69534.49
368994.78
102813.33
234198.03
300971.94
2527055.8
7177167.0
1815313.6
3655725.2
289490.4
467944.22
1613132.0
1427494.9
1066616.2
652280.44
1917335.2
1501106.5
1159237.0
667813.1
1215690.4
462870.78
2209509.0
496731.56
2146501.0
535612.6
5626638.0
1150062.4
680624.56
1801609.8
254190.92
45648.133
1085207.4
543363.56
206374.3
2154545.2
178581.12
1758135.1
1591398.8
71291.81
416693.34
223549.0
962131.3
1881154.9
931780.94
5635672.5
107975.05
295956.25
323573.47
344077.88
3116876.0
1399200.0
3010399.0
3909686.8
561844.6
318476.28
134771.64
355275.62
879020.4
1015195.5
531405.2
3520705.5
357544.06
6453736.0
336618.06
1314849.8
135076.44
2455069.8
854231.44
2659098.0
161704.0
276568.44
513921.72
2702079.2
268608.1
156034.06
398653.25
6651.7227
6651.7227
6728.83
