4039342.8
28952.832
14437.897
1403041.2
400485.9
319857.12
32980.523
938369.06
332493.38
969571.3
304095.03
111219.57
757393.8
407789.0
222397.1
180211.86
271812.3
1564446.8
43988.496
687328.8
715751.56
80020.04
68652.55
317332.66
52314.305
1715243.5
1870381.8
712674.6
1022357.8
1087171.4
650873.6
1585627.6
775392.4
773134.56
1366423.8
602071.56
2377483.0
1074488.6
2296917.2
1026148.9
2339970.8
4771011.0
501110.4
5162345.0
31837.338
1246623.5
543536.75
192300.25
1246918.5
86278.53
10692.028
2655091.5
19658.451
1560476.1
11446.489
23573.58
19381.352
1126156.4
217755.66
10592.329
479648.66
395873.94
