1424255.1
21200.758
42129.55
5074360.0
3062663.5
1874708.1
112788.84
1065992.2
101581.24
33457.207
3140776.0
77627.73
641829.8
177944.03
22531.666
1357819.8
41622.266
73708.305
526227.8
190067.84
6848444.5
122299.266
3196339.8
19142.36
427691.53
798674.44
532701.6
2430511.2
5175155.0
166611.9
148785.9
192029.11
864020.25
288343.44
319881.94
150095.67
236086.12
1530366.2
50872.75
1680179.6
2087351.4
16965.395
5795.2188
21735.887
709739.2
1497128.9
318170.6
391162.56
940168.4
70264.01
207381.75
3684840.0
41407.984
23018.475
10247.792
12878.586
42654.676
37351.45
1572220.9
162806.19
263910.6
120255.85
50651.004
21477.514
119007.82
78692.69
1006280.3
151185.86
34557.105
102041.18
416479.75
8040.718
8142.8896
8101.555
