11253.766
82501.18
6332501.0
269889.2
74341.92
7773927.5
985060.06
98084.164
246155.47
1440443.4
297002.72
39469.297
25652.018
11511.888
545371.1
82604.56
184424.1
42224.793
23161.613
29989.455
357956.97
224405.27
136953.2
1049741.0
1540993.9
591859.9
887604.94
511129.72
182461.39
246487.22
732599.0
234368.3
1474651.4
61173.42
320644.97
623155.56
279397.7
17772.074
795806.06
388612.44
182198.89
387299.03
286850.4
872327.94
1187320.6
663962.6
459883.88
773871.8
208294.52
674940.8
127928.914
188143.84
601516.44
2802847.8
39240.48
172191.61
652072.9
93534.375
86593.28
649598.3
636645.5
24335.732
395453.56
607892.25
497151.34
676588.75
557599.3
649790.2
629171.2
311596.7
208910.8
2670219.0
684697.6
911.3024
485140.0
539490.56
305480.34
1273163.2
1818425.1
159168.6
194788.84
43117.633
58078.355
205900.25
11511106.0
56009.363
123140.93
54441.402
302180.1
60871.883
56861.66
56861.66
1068379.9
