2415106.0
70914.36
24933.799
241503.97
154806.27
87578.06
71378.695
8699245.0
7094772.5
12295.688
38520.805
1352146.5
10303.865
3090.3235
971340.1
68588.46
6659447.5
87301.09
526639.2
6476430.5
167964.03
189122.17
56143.66
192889.02
2718382.8
21637.256
137882.62
1894930.6
22629.766
92396.4
66949.23
263512.38
315758.72
284417.1
235093.05
539772.9
5095323.0
402551.25
571690.75
29396.85
1340.4911
413371.84
10467.267
11331.238
16538.535
7151.472
1234.2109
4473.312
12620.484
619538.0
1240483.1
815417.9
764775.3
619884.25
522051.94
474527.25
712024.0
379322.44
171055.53
275620.4
94391.46
18956.105
72085.36
2090243.5
8748693.0
12953224.0
44066.434
45056.043
44017.082
44017.082
44043.59
44139.316
44074.258
44074.258
44074.258
44074.258
