2320.7075
234579.34
2489.7798
6703467.0
30349.143
261334.17
3718.2815
2688.4373
9474059.0
1635.2289
7838255.0
15721.242
1757.1536
3015.2812
3222.4734
4057608.0
13967.204
13383.178
3732338.8
1599330.2
642539.25
675695.2
63794.555
74951.66
77918.44
78806.164
53044.887
658433.6
1242.8981
2994745.5
27176.014
96439.45
85412.15
1213516.1
32108.646
9892.995
11180.611
1870.9628
511137.9
7012378.0
10340.922
18182.467
23585.914
1841862.5
21914.71
712845.4
3466.2808
5551379.0
95092.45
29888.143
2897573.0
3128.714
1873.2346
1576873.9
1007501.5
50143.88
81886.33
1966624.9
211083.36
205714.86
684929.6
242561.25
14104554.0
9490.585
17100.41
15105.502
6377.9277
9754.231
1744480.4
167232.4
1929.7942
2466.7688
4477405.0
365.32373
48572.44
485501.62
282134.53
23821.56
929875.44
9579.54
6880700.5
3128432.8
498823.22
178627.22
617.46625
1520242.4
1486344.5
1193973.1
8854350.0
2314504.5
2300880.2
794081.56
5437003.5
1087394.4
537818.1
51576.074
51403.35
14965074.0
12950223.0
14312.766
5639.455
2548.476
1369347.9
321486.7
