2469878.0
953380.06
705181.3
537259.44
1317271.9
417803.03
387281.03
1433473.4
910045.5
5063694.0
828225.5
739890.94
502949.16
344046.22
168586.06
65743.6
343896.2
182818.39
336255.6
604448.6
1123453.1
1136793.8
450820.47
1073566.9
1574813.5
336958.28
402617.78
21123.15
84186.78
1344503.4
1809424.2
1156739.8
683614.1
1135786.0
1395067.9
2008313.1
2091906.1
1871805.0
1326111.8
927539.75
545243.56
331616.56
129965.15
28300.65
1065735.2
283629.1
58326.203
938140.2
1787541.2
175153.14
377171.53
826223.9
3127882.5
688398.25
2757877.2
360188.5
1406667.1
17892.475
15225.449
166128.2
