2639.6536
1046103.5
1672.5048
1437418.8
183498.45
2540496.0
1299257.8
1364104.0
1176941.0
1191889.0
89634.73
392936.62
247800.8
754742.1
3669.4778
3944716.0
659965.7
533283.0
309391.38
415765.78
748009.7
17010.182
467.95438
5588.444
4682.689
64886.445
766699.0
1130601.9
1567067.4
573949.0
2027657.0
1665663.4
574933.0
731336.56
2233732.5
1737373.0
1906991.8
1471633.8
3190066.8
209989.11
604576.94
2420867.8
456700.34
1301161.0
2343420.8
729534.9
1632045.9
3613385.0
917065.44
1444939.5
1577376.5
1466754.4
2240253.2
467002.06
421035.53
206302.4
136626.22
109233.336
298383.9
814182.1
