4769452.0
1557707.0
686659.9
6094361.0
200477.34
8804736.0
139075.84
668638.75
138516.55
22661.25
11058356.0
1548716.0
506527.1
2937088.5
2821707.8
732269.06
4822087.0
1165282.6
239304.4
2165189.2
567749.3
188709.73
2079326.9
909766.1
129556.78
522669.8
136681.47
7756965.0
462828.25
1213917.8
687481.6
717062.06
2248401.8
1292711.8
1272618.8
454263.03
1141729.8
880425.56
581945.2
2123351.2
263770.03
170694.0
1760700.6
128490.484
10113689.0
935234.4
451421.56
113470.66
405717.72
386006.1
800062.75
166741.28
153067.6
3707992.0
546804.9
93949.5
313812.8
33010.465
39191.195
349555.03
