9770897.0
6332.3413
20357.17
20247.299
1677531.1
72997.06
45441.027
96649.82
110544.22
2532363.5
18081.092
1424159.1
259184.62
116510.266
640436.7
331003.44
3206348.8
766941.44
1293694.2
965154.1
1874060.8
2407071.0
456666.53
802647.2
645036.56
1286274.0
123278.82
5829596.5
490047.38
1401769.0
527905.06
522645.22
532969.4
451573.4
1976370.4
76902.734
840171.25
298111.97
1291267.5
2216573.2
59411.668
3481640.8
2241605.5
785548.5
1830870.9
75050.586
2231635.5
3104814.2
1014882.1
4303024.5
570234.4
1377428.1
32503.2
70574.055
66815.586
1330551.1
21669.385
8260.418
191835.45
