600723.0
217354.31
809779.7
543593.4
2480701.5
1847355.1
1098581.1
81748.266
55975.527
109702.336
657517.5
354288.56
6474297.0
535281.6
1008102.0
889129.9
1187862.0
665696.44
1527171.2
116986.69
91023.4
817202.9
372421.28
156339.58
1312760.5
196141.08
1750355.9
538979.0
723059.75
452545.4
933662.7
1931520.9
974944.06
1117877.9
620835.4
2279253.2
416849.38
289997.8
488396.12
144110.53
1040459.4
3262228.5
1347405.1
766306.44
1141525.1
3451669.8
2277865.5
879750.2
295174.25
208880.11
65152.42
131838.14
670336.0
108736.18
2580062.0
180886.53
539617.3
675229.0
311562.7
334058.06
723549.25
136747.92
324195.1
498203.53
3616900.0
112236.586
1152354.2
10946831.0
1578379.5
426741.06
140732.12
2741168.0
1486600.5
1286415.5
79208.07
600351.44
1644636.5
3526146.0
3373019.8
289735.9
94102.74
132360.62
108020.3
835766.2
7053.207
7426.746
7423.9507
7229.182
7431.4556
631495.5
148243.06
