1054454.8
998818.06
309249.97
551411.56
983631.44
901374.6
609433.2
425914.8
119733.16
999099.25
103161.79
34232.348
4652.1587
1469582.5
136215.08
37797.504
267126.72
1228163.6
1956790.8
774831.1
987917.7
773989.56
2211948.0
153631.55
635379.44
3272562.0
524035.47
571756.3
47182.44
1648526.5
105654.85
73968.35
69707.914
2157438.8
61216.055
67959.91
36469.414
709501.4
2375527.8
840055.8
1385949.0
88998.6
107519.16
116806.71
162424.17
162902.22
600854.5
837234.3
480113.7
1602088.0
1779818.5
1289434.9
1285898.9
71558.89
970425.8
1172404.0
417372.28
