6978810.0
448138.6
371877.44
396494.03
770490.6
570821.75
144323.8
143070.86
480831.25
140449.38
477526.8
171475.06
349800.9
228810.33
539900.75
149449.81
1350204.2
1110770.6
1863146.0
310655.03
1641665.9
773079.5
258716.58
864936.7
501565.7
159457.5
104590.195
1348429.8
651921.56
119835.46
895687.7
826470.94
1606647.2
675472.1
796544.75
910463.8
1049183.0
76940.695
163255.36
370698.53
905117.7
350054.72
94628.16
550519.06
441592.34
186620.34
68160.266
491569.0
765342.06
723349.5
334313.03
268873.34
208241.34
1211047.1
552411.1
706453.5
1122156.9
394198.1
162829.33
3341.699
851366.94
148243.06
