435971.12
290205.56
101192.76
1570876.2
713983.5
1891997.0
1669243.8
242138.44
156708.78
1777003.2
1972533.5
1329927.8
19237.115
2073318.0
30435.0
8398.056
49518.086
39292.87
1119427.8
181594.34
1163472.0
356851.6
1022453.06
575911.94
85541.625
610427.0
901339.3
28426.56
2643830.8
3000762.0
20243.203
210863.64
1977999.1
1666194.8
1782840.6
1836298.0
199271.97
175033.98
16382.059
74670.6
159287.72
82486.81
174258.95
44302.156
103024.09
27615.99
200576.0
908112.0
276331.12
183274.14
41769.406
158741.81
480835.38
272410.03
1030797.56
56716.336
153740.06
89867.586
120394.336
256646.84
2021621.8
532169.6
202945.05
6562573.0
2584984.2
34031.44
103559.24
416213.8
185334.8
394865.53
281457.94
108303.43
