83906.73
2754670.8
519284.66
576369.25
255754.81
372324.66
2247245.2
42323.36
780613.6
2244801.0
70644.19
1738310.0
1170295.2
1505211.8
670060.7
101081.51
28994.748
104102.79
3596202.2
624128.0
1089947.5
4396941.0
12946.651
631682.0
694551.94
545742.75
341804.97
206002.52
205694.6
217228.06
228270.38
2380130.0
43769.09
60213.48
738896.0
115979.195
7446.3965
1656805.8
550148.3
376382.94
538713.9
354478.03
135035.06
1196458.0
152662.62
372144.9
126667.78
849304.25
52851.074
876265.6
1881392.6
51491.95
1224180.6
1183011.9
1573241.2
448047.0
11953.183
25765.07
2084524.9
2441149.0
36417.348
1967786.5
681072.25
1211201.8
2396521.8
602544.06
624645.7
530560.1
187687.97
792762.25
532323.7
223114.2
95778.74
6188714.5
2794143.2
1753244.9
374225.34
19070.05
87989.29
146630.97
508293.72
132088.4
47391.953
17972.648
506623.8
723912.94
