346573.12
127147.24
511961.75
327837.75
408921.4
1047959.2
106086.836
634079.56
965762.2
44292.35
2348600.0
384419.7
606179.1
21957.943
797898.75
274589.1
778788.6
669013.2
215919.45
317308.06
1010598.56
733558.9
1987768.1
981029.9
2752435.5
427969.16
784008.0
524534.06
177423.73
145769.86
500702.2
298004.2
61138.29
363675.6
117825.87
110821.97
111290.48
101119.65
642401.25
1350459.4
7024.038
1293.284
5150.238
1712695.8
18395.775
13333.718
31995.955
1428782.1
195646.56
1607412.0
27080.53
2759904.5
558039.75
423495.28
11264585.0
393452.38
233995.72
123607.25
1060033.0
106168.875
