3556342.5
4253800.0
1955950.6
1536840.9
1162152.8
1984031.4
1616195.0
1774804.6
1271371.0
260706.56
3971.7937
2689.6157
882.1564
3396.3313
3383.9458
1820.7457
932675.7
452507.03
428889.9
781252.9
1559637.0
559206.5
488369.66
2113150.0
2496388.8
2364620.8
3951.2275
102758.66
1004640.94
751780.3
2980919.0
901153.94
1445631.1
1246679.2
2660682.5
2362945.5
2145858.8
243981.75
230191.98
2325903.2
205908.08
193425.27
217775.69
187561.69
3996296.8
234780.69
599440.7
151212.48
8184178.0
39576.906
40503.137
82805.57
2490631.8
43832.07
1424463.4
147636.95
3787792.0
319580.72
1476273.8
385896.06
1107097.8
91130.95
108588.086
4860787.0
828407.8
753144.5
62786.242
717486.44
597244.3
4308347.0
459388.88
468559.25
271757.9
225392.2
212246.31
1272413.2
348937.3
543850.8
6607833.0
181791.84
173086.02
176243.22
605875.9
60728.234
156015.62
959994.5
493802.75
306368.62
637710.25
706461.06
2492392.8
2250189.0
1739215.8
792063.9
380055.2
29920.48
3409.5857
758431.9
1016333.75
153309.6
239957.39
8755.24
3454.071
3350.6523
5972.012
