7761.463
8189.281
8373.235
3841057.0
251595.06
12155.979
1071551.0
33432.766
1785429.1
3388936.0
41795.777
62692.36
49237.22
515023.06
3248183.8
62239.26
408704.7
215247.47
1053415.4
171520.02
832207.1
545241.9
846787.3
116528.914
7815139.0
273118.44
89936.33
519152.47
1856042.2
994254.8
594325.9
1914310.6
1091227.4
833633.44
189254.19
428444.88
737814.8
204445.48
339927.84
419188.72
617143.0
89918.88
457358.16
782894.6
1297959.1
2119307.5
2707075.2
2861588.8
856026.94
63592.7
129002.086
5571657.0
67416.016
1391415.0
1781174.2
645364.94
3447823.8
902021.56
130322.664
746249.25
21490.824
54192.223
9573.799
40711.246
33335.688
81710.82
39830.24
30041.012
28672.213
15151.0
61306.707
12746.89
48398.016
27001.422
39875.03
32580.951
