768370.7
3827263.8
18820.012
753961.9
12930.449
786580.75
59082.945
48670.22
1223562.9
64803.11
1566768.6
38645.945
36542.484
2087399.0
20576.936
15075.53
14151.987
20079.984
16733.9
15855.531
1124891.9
16314.017
13933.791
44130.754
583203.44
36453.51
25561.588
106624.055
113752.38
1295601.0
58588.01
75717.03
29900.52
1885873.8
45646.49
46007.47
1048634.9
26215.275
53366.824
50820.22
47272.277
1478385.1
14249.029
24751.35
1387069.0
65956.055
54754.027
25154.932
1421712.1
119129.19
151748.3
224059.03
289968.22
362166.06
341473.16
361653.84
348945.88
401413.75
268569.66
141577.52
133691.48
114894.92
78731.13
70509.73
735846.94
19258.664
63689.08
1511063.4
159575.25
152057.5
194348.9
1245030.6
120192.375
167417.94
407799.12
280788.56
329983.7
305878.84
275317.03
286902.78
4405874.5
1456202.9
62284.36
15037.056
419290.12
176746.27
4013.5308
7789.0576
328810.56
1273487.2
10220.026
11116.387
11455.964
11356.8125
112411.32
148243.06
