9413454.0
109644.98
1650751.0
62837.902
1124968.4
215567.8
657686.9
3766789.2
178597.22
134480.53
476592.3
428858.25
616913.5
616605.5
1202387.6
1677683.2
298597.84
1696115.2
1945626.9
111032.01
221906.33
1300100.8
1631130.9
202372.23
822157.9
127776.89
321099.7
372125.7
402805.22
147366.61
309918.78
1276268.0
180046.38
109151.39
974594.9
434005.16
612283.7
401654.7
1582224.4
920914.4
946553.94
250872.4
538341.9
187572.89
296970.66
125114.15
856807.1
1620794.1
215874.47
47197.742
1692650.4
148243.06
