243288.19
1448834.4
64277.375
3139929.2
929080.9
197396.62
39298.97
1080494.9
42247.715
1020699.9
164485.19
539593.0
18514.598
360252.62
74157.48
212567.61
2373.6636
699953.56
1324203.8
838925.94
924689.7
5843.7964
1175614.1
61360.223
1711323.8
31667.637
1667716.9
61320.44
996921.1
50846.24
947689.0
105204.97
1989822.9
821658.7
462759.2
2087489.1
1979582.4
1210402.9
50588.355
2448138.2
130007.54
1295925.0
22037.16
885837.06
828205.4
59566.918
2737236.8
1303083.9
31003.182
1084418.0
97472.84
75736.336
684895.8
1947948.5
139247.61
2440804.2
2732493.5
142906.97
2762574.0
70789.2
2454098.0
1319305.2
1225132.5
308918.16
28759.396
27603.404
1347711.1
883089.3
56924.39
11338.714
499817.78
