63949.117
113228.16
1918438.0
776475.5
933864.7
2160823.5
2440595.2
1103835.5
1072935.4
381092.88
412091.16
96778.305
39482.957
52369.914
35772.77
574888.0
928234.44
1230791.0
1816026.9
2807150.8
253861.69
67566.05
1579414.6
2079519.8
206459.3
296212.78
120408.62
1659742.9
1449696.2
1258825.8
2262585.8
1725533.2
2117840.5
2699839.2
1820924.0
2071856.8
2911984.2
532464.25
259373.11
527104.06
292579.47
504670.03
60079.02
82864.555
1538951.9
18556.75
41044.086
73776.77
4319.8447
16688.828
272473.7
88755.055
63292.5
111318.19
77455.88
1905795.4
319260.25
1441501.8
1166089.4
1581393.6
333963.9
971346.75
70389.695
47195.926
70903.43
92029.22
101428.63
11625.64
39226.523
77883.734
60496.234
102091.98
61172.543
98428.414
20881.44
8934.319
40536.08
1195869.9
