17763.607
17509.654
623112.44
8566552.0
15042.702
31482.982
704481.56
6413.005
1157419.9
81250.91
209990.77
470073.12
1727.0684
2084.793
4734151.0
125722.914
63521.348
23360.053
24498.996
37230.06
113032.89
147847.8
34447.92
361245.44
532915.6
2197007.2
1792799.0
89694.17
272771.38
1440697.1
1007810.4
341819.28
3701640.0
87268.71
114441.62
40834.207
1270459.9
169504.72
663274.56
1060550.5
45975.79
46641.168
37666.37
50997.973
87310.87
2598545.5
999112.4
847886.06
3073679.0
22584.777
40196.55
38735.152
917867.94
484477.97
584649.94
2113180.5
2507888.2
66847.38
672595.25
101418.37
1058455.0
3570709.5
2854242.2
100723.52
39657.316
45569.035
118631.914
146440.98
1028909.7
5945.1924
6316.0034
5863.461
1003040.0
