150915.78
4615153.5
138285.31
977529.1
518406.0
538457.1
1829381.0
662468.25
842849.3
42192.836
726.4989
913.3332
1050.3524
1063.6483
759.33624
1029.0693
856.829
790.93536
2933897.2
1075.4244
2239590.2
4162.068
847.1345
854.07983
1114.0095
917.1653
902.4747
880.7566
906.2467
920.2068
885.0723
586135.8
902.0577
1882355.5
239389.75
757243.1
331613.38
238331.67
1430353.1
21184.74
1286974.1
654084.56
100616.97
115698.3
1101418.9
521278.22
736253.06
1047923.7
238358.64
88703.164
1699266.6
1412323.6
56118.113
199989.22
594216.06
2350334.0
265200.38
647539.8
1366678.0
1239794.8
291875.2
314090.9
1143190.8
1057900.8
87655.375
562370.2
161765.56
70969.63
80544.234
143819.23
2931930.2
2311282.0
4053565.8
1370729.9
818049.94
103119.17
3141.8892
4021.8464
12499.299
69452.0
13793.799
11931.013
153057.89
29930.365
15728.194
42896.406
113362.27
102131.19
24046.762
4246.2363
6288.466
1532516.8
1324.0498
21561.777
1999.6359
2289478.0
1300.5391
3208.6472
15745.487
1747.0922
2343337.5
4074.0388
34083.457
6995.2153
13087.085
3374.6729
2229694.8
198737.19
38979.082
58239.656
13938.23
2321216.8
44566.695
23961.625
2364102.2
2802.2927
3746.663
66572.93
30007.674
6962602.5
