587376.9
30369.1
7117660.5
2108589.0
1039966.94
75162.016
2478624.0
1289368.5
2507573.0
689334.2
5644534.5
330520.28
361274.84
754940.8
1723588.2
741340.94
16127.848
41297.246
1018603.8
1132523.6
1166973.0
401137.47
1876189.1
1619373.5
938346.44
1124132.5
259214.95
42343.684
1092141.2
6946719.0
1244388.6
1725945.4
4383.3745
3738489.5
1184594.1
1518036.6
546885.1
5925952.5
669718.56
1452958.1
1859566.4
831579.7
932345.3
2105990.8
6726920.5
2421469.5
559460.6
209744.6
406697.4
1189351.9
167725.8
195703.14
103225.48
1127866.6
884630.56
423000.06
5950.3965
7171.4517
7294.926
537274.3
137535.39
