4034.645
9014.6875
15573.527
1918060.8
94583.945
466656.1
390018.9
43887.33
20388.998
1068336.0
41305.426
6626245.0
3930.0522
176699.86
131247.14
4013196.8
1108.742
3832.2634
1649.209
3830.6882
5074.0176
1406.7821
8432.346
8045.916
8177.1807
105001.95
2879.6375
1836000.1
69750.48
808904.44
7906522.0
238779.38
1018181.5
1172044.2
1334628.6
1407626.8
2181016.5
399796.16
2114138.8
659181.1
880838.75
1192472.6
629638.94
1025922.3
25033.59
17342.807
16239.955
8688.829
506941.9
854174.0
1474899.0
415652.97
1249103.6
226743.95
847594.56
233877.47
180552.17
637095.06
305715.25
1210312.6
48653.574
62005.08
748813.75
13524.917
15561.031
11591.213
80275.02
13004.639
43291.027
98169.13
20556.861
6302.6577
50255.36
17739.936
255488.95
55338.97
28936.57
18764.54
1727821.4
1606804.9
1566172.1
881910.1
3562868.2
255694.78
410549.2
1044731.0
281380.03
966140.94
2907458.0
7206.823
26217.646
73551.61
7123.713
1406901.9
84790.71
77802.36
205472.06
149453.94
182316.52
100077.234
136001.3
41031.035
280971.78
37176.17
103116.27
58330.188
4871.983
11092.381
2720899.2
98442.44
270802.12
108797.83
22183.852
27524.684
