513638.28
3082480.2
265528.28
497610.62
3153790.8
143394.84
593836.44
660216.4
181415.73
3827769.0
1818094.1
108308.414
283705.0
8303935.5
6797542.0
65090.44
326271.16
305944.84
2004212.5
210598.44
294075.22
1119275.4
309727.12
2074394.6
2530048.2
243199.11
704667.2
627143.2
3805160.8
1133378.2
1061036.4
846412.9
1015023.2
959805.8
37728.01
4761042.0
2764185.2
1217111.4
2527781.5
400044.0
1470199.5
122536.016
499179.72
1493896.0
1679646.8
1667185.4
624851.7
1518844.1
1400471.9
7081788.0
417317.1
1819520.9
2240043.0
509248.62
64941.47
1904635.6
128711.92
451454.1
2411086.8
1106185.2
1422980.1
638814.7
181779.9
2878575.0
1813436.1
456949.12
1024305.06
1284435.2
3038591.0
445184.5
1453394.0
2431537.2
91196.664
819513.0
902872.0
274657.84
2446648.8
1701324.9
2145571.2
162089.23
445291.3
2796935.5
254178.56
1769899.5
32494.295
421720.66
52308.445
41323.824
54905.49
17482.03
