2448.0576
3037.6243
1072259.2
148243.06
2565069.8
21400.348
11794.5205
1500286.9
1571674.6
4795.7554
1301.6932
384654.62
694691.44
25012.69
686774.7
3398.1506
570460.94
936746.25
910530.3
1404654.4
9913.701
27746.537
274414.6
218584.7
6815361.0
11948.719
13073.216
336213.72
3767913.8
183854.72
3076568.5
8475.273
29401.322
613771.56
412.01096
1296.6451
863.0848
479033.72
1323187.2
1647554.9
2268.7942
1763.7552
753962.8
206674.42
1710863.4
19569.148
236510.55
4904.1885
1424910.5
812495.75
1225022.1
714115.7
2089528.8
90722.875
1834498.2
4205.4927
12527.325
809076.5
5380.4873
2170827.2
3663.3257
6050.4595
1425829.6
164957.83
189974.66
146289.28
146289.28
