264498.62
606553.4
190459.38
1173899.5
558568.9
350316.5
3556533.2
189718.86
796115.06
373093.53
577544.94
855237.44
588214.25
512911.6
119543.82
2093491.5
359914.84
576951.1
261304.45
556537.9
974313.2
364188.56
317315.88
448556.22
80043.63
536494.5
378946.06
150794.06
202357.38
444011.3
363774.88
382453.62
1562165.4
728632.56
928465.0
198001.89
285145.34
330046.6
389986.06
1596038.6
869309.06
324312.88
662282.7
943314.75
1264114.9
758816.06
762325.7
1462501.4
298628.97
173770.67
255800.9
1019942.6
236881.2
234097.81
105504.164
172120.23
118792.9
21053.645
240588.45
9513.461
