5690.779
4346.411
1087188.8
2839486.2
5403549.5
3859758.8
2491514.8
172407.67
737462.7
947819.2
3664363.8
392402.06
978905.75
729161.9
749717.7
1059288.6
781514.06
732932.4
2017276.5
2732014.0
799889.25
1444029.0
4587507.0
4116460.8
139914.81
8336549.0
858760.8
3239161.5
3220253.0
113516.41
6480370.5
182982.84
5022275.0
1324860.0
903948.6
8833813.0
509289.25
1676171.2
1666555.1
2173916.2
1775753.4
345520.7
1374785.0
6045756.0
1210495.6
766498.7
1573470.2
96424.03
155631.83
547393.7
62038.797
134203.12
630822.25
945531.5
350977.6
878078.75
124433.65
280308.28
329439.6
2514989.2
623098.7
1524845.1
9986733.0
1944883.8
1300727.5
1945454.2
1860865.8
390683.72
21767.64
187675.83
137454.42
226766.9
9099.67
9010.214
9135.781
343395.2
148243.06
