13175.445
26991.006
94451.016
26434.61
300705.47
25819.723
162133.36
26964.596
306091.97
9916870.0
50756.8
314979.7
381947.53
55348.504
771208.8
1183895.6
1024449.25
808321.56
245613.67
186646.0
1787504.9
856453.44
67484.31
828608.25
863657.8
72758.05
1452311.5
507775.9
460908.9
67563.82
1245522.0
325419.6
178364.81
900539.1
301569.03
921546.75
550995.06
227183.2
104642.38
891917.44
507663.53
400762.88
646015.56
131605.69
376445.25
74612.89
174956.0
105190.48
20898.805
65452.316
589434.2
1028224.8
516335.4
531040.5
314596.78
313637.38
589287.7
522235.16
136723.69
145096.48
160976.89
41295.355
42980.266
41551.387
