30227.432
298683.22
6234225.5
1221323.1
108091.266
789296.8
546146.8
431427.97
228687.88
91943.19
275416.2
285908.1
411573.06
429298.0
311754.88
206067.17
538836.5
202340.25
268688.25
529782.5
67755.805
129607.49
422259.34
438343.22
7815.7744
433321.94
2394.3357
36020.27
262035.2
118420.71
443917.62
180538.34
35565.55
483512.4
430274.06
474473.16
141674.4
223339.25
11643.95
80620.24
17311.371
442775.3
200450.61
275544.16
314161.78
3735.472
21985.545
308834.5
865412.44
622119.06
51286.7
152575.39
408973.53
35864.27
382688.44
385841.44
25526.65
403804.3
311619.44
19137.096
