12329988.0
1152919.8
510772.44
5258058.0
2135052.0
1780933.9
1633882.6
329020.22
334200.28
33864.19
1389729.0
23559.213
2530090.5
1842375.0
1135491.4
566761.5
1618079.1
1022982.06
1093175.5
1098323.9
434449.72
1252858.2
65272.79
918120.3
684534.94
4744474.0
679476.06
187029.83
4078838.5
3143585.0
803792.44
691092.3
3464823.8
280571.22
1197532.1
1663135.6
2779594.8
119883.68
1144180.1
1701384.6
930523.8
1913792.8
1872635.2
1963196.1
86447.92
89051.44
798795.0
148941.27
4041239.5
207117.53
554465.7
147298.67
595709.06
169568.78
618109.94
5007678.5
298436.34
424570.16
241846.66
163367.89
636010.9
