148243.06
148243.06
11444278.0
344033.8
751492.0
216262.16
401450.16
2756841.5
1217089.2
1009448.94
4729345.5
1177114.6
4789761.5
165835.8
3899135.0
2033233.6
1417433.5
1808623.1
2501681.5
3597510.2
166208.23
789389.8
869379.56
490449.44
728290.25
604938.94
3199284.0
533625.9
546061.4
3738429.8
1287836.1
1497326.9
259472.55
1466022.9
488038.34
2123144.5
5221497.0
542609.7
320295.6
1753847.5
391795.03
1519898.2
2404233.2
2278625.5
1768319.0
3410139.8
749046.06
3533461.5
257622.5
3504114.5
2410677.0
1738691.8
263238.9
4733080.0
296018.88
348695.62
883462.0
1496932.1
7001.385
368.91516
316840.62
3206458.8
148243.06
