181310.64
133801.64
202714.08
1065728.2
1461952.1
152102.06
197481.89
165202.42
203868.36
401066.62
344.33127
940613.2
309935.16
1817510.0
1493230.9
1015448.75
792773.6
449462.8
1688004.5
1017836.6
478598.3
1150399.4
2580913.0
2235849.5
284470.03
2699231.8
1738936.1
1605908.4
1930926.2
3957880.2
703377.25
1105350.4
2015802.8
1039334.44
599883.25
513041.78
729777.6
2236466.0
79503.94
3605209.0
523255.53
721651.94
491838.97
568310.25
668108.4
2648989.8
1856221.1
721361.25
1144191.2
1037981.6
314658.78
1688471.9
1138988.2
1172268.8
2091307.5
120387.52
194933.42
168964.92
482760.22
1101098.0
1131808.1
423295.5
2783349.8
97812.305
837149.8
201562.53
2723513.0
594117.56
1533150.5
1459091.6
418348.38
3042951.5
2568147.2
3602324.2
1482748.8
2569436.8
1666109.0
297554.5
128015.555
1698087.4
2492150.2
1135914.0
603283.2
432598.4
560304.94
221332.95
115862.77
80510.64
2641841.2
729.8189
941.6587
82510.44
1088.107
354327.72
45821.484
19329.902
6231.828
11969.986
13011.644
2231.6016
