8777596.0
8912849.0
34910.184
25526.062
34502.63
344876.9
1732743.2
218040.73
589605.7
86813.234
1632229.8
153698.33
2422958.5
2019286.6
1189246.1
728110.0
381196.22
68554.61
770575.0
278268.94
1037036.94
256356.14
348739.1
600622.8
162184.05
4777010.5
2246720.5
5060.791
239015.77
2385820.0
353178.3
1432850.1
571051.3
16877.615
1327475.2
91749.4
445557.97
751791.1
229567.97
36209.438
5252847.0
74675.516
3021771.5
121967.15
2051587.8
290746.2
551373.2
2975764.5
2267793.5
868117.75
2530633.0
228858.25
646331.8
5677580.0
1135495.5
1547789.5
68902.77
44448.516
1101152.1
502761.7
101389.34
315851.12
1622958.0
7723114.5
454359.06
443026.28
5784925.0
53542.195
2617682.0
782726.6
208151.81
1260182.4
82548.16
441244.25
130724.125
114155.97
653298.5
53547.906
67741.37
245454.81
1539395.4
129205.08
157257.0
399775.3
172612.17
641574.75
204353.47
210021.0
191303.73
44962.066
195495.28
