397067.38
345928.97
666662.94
3614645.5
5677872.0
1634225.0
1013901.75
263087.22
252803.81
215592.1
56967.016
560031.0
504426.88
42159.324
2701572.2
652531.5
2926922.0
172593.84
191149.72
1213831.8
6532275.5
205039.8
2525748.2
25642.83
46757.816
5965207.5
215151.0
103697.586
103697.586
403426.44
75077.36
33633.5
274821.7
5781293.0
380839.2
836673.0
23172.422
1307338.6
737610.3
5005063.0
508195.94
597906.75
714995.7
2857458.8
371556.38
274575.38
1638220.8
591281.06
3797222.5
585344.2
1307543.0
1417927.6
2156110.5
1355859.9
2882189.5
132917.27
346230.44
12857.428
224646.12
2140302.0
105609.17
