8136.9927
513959.88
13414294.0
178564.53
180955.9
197004.28
302521.72
7627640.5
1358872.4
1261551.1
14782.089
88786.13
14129.771
564937.9
6798334.0
141174.9
26498.375
62732.723
23182.262
160333.5
505897.84
31574.91
43521.465
306421.0
19151.951
675012.56
10694818.0
516971.06
1257644.0
11915176.0
5977623.5
226305.16
3026085.0
191732.39
2431480.8
143475.05
7569852.0
4842484.5
501466.22
524876.25
8748400.0
3070612.8
53059.53
8773026.0
5108945.0
2976588.2
650691.9
4169810.8
276909.97
771255.1
692458.6
3108403.2
8233185.0
678141.3
2969822.5
769306.6
1941781.1
1793296.6
2682421.2
1748166.1
1827422.0
1087231.1
3582196.0
7089917.0
125732.52
3746242.8
869827.8
2318903.2
153508.38
150595.62
3736074.0
3456452.8
1475968.0
418938.38
1138271.6
7164895.0
560384.0
2212234.2
461734.47
284792.62
633817.3
2123131.2
1213715.0
1259826.5
257229.61
392719.6
6323890.5
1700770.0
155441.86
8677974.0
925128.8
1667482.1
451505.78
1026333.56
4888651.0
82225.61
1502967.1
7438702.0
258436.36
2647973.2
2449543.2
187444.22
6036506.5
170170.72
148243.06
148243.06
9541629.0
4582618.5
7631351.5
308848.1
49649.89
95552.484
179320.1
