15941.482
624214.1
539686.2
1218069.5
1999724.6
158440.64
302332.06
2226354.0
2101600.5
87407.836
200756.47
148243.06
348161.75
3306727.2
11139.014
3490872.8
675291.5
28547.432
1840718.5
86648.2
1549902.9
23767.035
1917821.5
806808.75
94766.9
3425454.8
216421.19
42518.523
1280715.9
2976198.2
1808248.1
190172.9
1142835.9
369881.44
2763533.8
706512.7
2298097.5
1001493.8
30836.979
421100.78
3249202.5
1203870.5
5095014.0
1568103.9
2146694.2
214931.34
4329136.5
454626.03
101064.59
1924535.8
2194752.5
731491.6
1932089.2
2907051.0
575065.7
1198216.5
806740.8
479800.22
3165365.5
1375339.0
616410.1
2165004.5
628123.75
156531.88
828999.5
1137043.9
748193.1
218761.73
129156.93
2213768.8
383333.5
3395600.8
1295377.8
589300.75
510730.44
1961064.5
296279.53
1454745.8
2487117.8
2037543.6
2868148.0
946293.8
6725050.5
612341.56
2080004.9
979801.06
3092954.2
786672.9
1984799.5
259457.52
2253561.2
1611904.6
1268428.5
1333699.4
561322.56
819985.3
44205.555
454478.84
284771.78
246259.14
11235.874
