1034096.4
40432.082
86071.61
164975.48
3922609.5
7374031.5
2829787.0
1577868.5
339125.97
3530280.8
2204045.5
1926908.8
4803013.0
1870820.0
7045024.0
1193783.0
632486.6
1195555.2
1049692.2
5315104.5
694673.2
740268.8
3348332.8
1077271.6
1245259.6
1165498.0
424272.25
3929237.2
257152.67
4656138.5
698854.2
138896.78
4995511.5
2873254.5
1157148.2
1608477.1
443083.84
674634.44
2010305.2
2779873.2
388801.38
1394128.2
3365097.5
3003980.8
111948.08
901152.8
533324.2
305414.44
1258000.4
1275607.8
1773075.4
1128838.0
1192893.2
5030504.5
1009755.3
726794.5
670994.0
1225560.8
2502564.8
590895.25
477292.12
76098.336
30617.855
2151.0623
1412113.9
163096.05
