32437.29
707081.0
8148323.5
3405639.5
1777497.2
1560360.9
1097910.4
1638498.1
143399.12
265072.9
2909829.2
2607217.8
1289076.8
753833.5
233600.67
475480.0
57670.844
3397453.2
9071670.0
3770659.5
1981506.0
5304806.5
5665735.0
1112388.0
2870085.8
1367066.2
333893.34
553929.3
2268858.2
5805802.0
2934947.0
203591.36
4571705.5
8772221.0
3495180.2
182494.8
3487557.5
1830918.6
742922.3
5613723.0
4335385.5
5415261.0
3403090.5
451758.38
807818.6
1108044.2
333341.62
4696405.0
8272636.5
184964.78
2605970.2
2808692.8
1831334.6
4023561.8
1664799.0
12271676.0
1087188.5
819695.1
5249174.5
1433423.1
8882367.0
2746846.5
602909.7
7779644.0
5054010.0
966839.56
188005.36
6674661.5
390641.12
911977.06
3135601.2
691402.3
98958.83
5037760.5
3025491.8
1799866.8
1431427.4
859237.4
122333.734
279593.06
278676.56
1367036.5
50877.043
7575.664
11311.561
126704.96
40275.06
