7216664.5
9338.95
13441.69
2264517.8
46448.125
4348292.0
12598.989
12000.488
4015822.8
603795.8
354354.22
173325.3
64628.113
34691.977
400776.03
1350872.6
407352.5
28985.477
546789.75
83273.64
1335326.0
173419.94
62806.246
53284.15
3136528.0
384137.38
122470.51
35597.832
64150.133
44961.57
48022.17
276062.78
6101808.5
8564.724
4634.605
5734.693
68716.29
11664.055
6644.067
12801.467
719622.6
2818.446
636022.1
19966.809
23297.857
9675.809
1389644.2
1083458.2
2592744.8
107630.82
909979.0
5219.421
20425.934
1447608.5
259606.95
270558.12
280405.28
103981.87
1160825.5
1232696.5
1847252.9
48066.348
249428.44
191453.1
226909.8
1428745.4
1333199.2
2050385.5
231089.52
1585512.6
403462.2
3455900.8
9248.215
3588752.5
76215.87
972738.44
269244.38
422459.62
839156.0
130022.9
1098192.4
56006.75
801488.9
119599.195
152484.02
79232.234
89196.484
3424295.0
728189.4
539372.8
958992.3
5296545.0
454405.0
31847.637
114815.516
2206995.2
505611.53
4302891.0
340893.12
1337623.2
30424.469
15562.607
15800.008
