167178.06
260911.48
427119.0
571752.4
3795295.5
1464354.2
527899.1
248779.55
1043501.1
2329261.8
211888.16
3664230.5
852143.56
5384343.0
1866805.4
2552151.5
341038.6
6042542.5
3056336.5
377994.38
983722.8
7242771.5
1155483.4
2622583.0
4200622.5
314745.12
4107000.0
902183.06
292721.88
1577530.1
1141243.9
522056.5
9721662.0
699512.2
971625.6
3785053.8
1503517.6
709164.1
1839580.6
3152602.8
2458281.5
8440196.0
2009857.6
1504022.0
326315.84
16327.768
8804767.0
111682.02
4296438.5
310400.53
3435031.5
1642316.0
1480096.2
1200705.9
276598.97
3092432.2
6428203.0
6349633.5
1313131.6
1832710.4
1530272.4
1676759.4
5802063.0
1340654.9
2944382.5
4233107.5
245164.47
515771.47
638441.6
32181.4
38730.4
27492.828
74754.555
21430.217
33363.098
24476.674
49177.926
141626.77
10211337.0
9331165.0
8796661.0
1016271.75
167591.64
187619.02
72180.56
40466.6
100492.79
966661.0
567008.25
34886.81
19250.896
17837.844
18130.623
17819.328
