8902507.0
7483.436
2867387.0
27356.926
128791.875
322191.03
293565.75
1345222.9
1112276.6
2626243.2
460294.94
4126443.2
644148.94
108858.41
3397754.2
592761.75
4543409.5
106733.03
87358.59
82867.36
345752.4
557799.9
3285773.2
364727.62
815960.5
123507.7
171470.9
2421325.5
209950.44
935841.6
76919.89
147231.84
1089067.2
546170.94
15975.282
360063.25
1308440.4
200491.95
80879.95
95489.07
164621.61
550773.6
44138.23
46681.605
2248463.5
511167.16
539845.44
4421628.0
7649.9297
1277618.5
365057.3
128505.12
658551.44
3327252.2
1489497.6
4040453.0
32716.168
94144.62
8777.401
8706.688
216267.45
