157720.77
6297106.0
515269.97
1194761.8
319009.53
1389431.1
773788.56
1554371.8
946240.25
471099.47
122173.57
1082797.2
772577.4
48936.098
807634.06
353951.97
209044.42
1072809.0
1050076.4
982037.56
1273490.2
545318.4
2214922.8
351704.2
1126037.6
1224315.6
285572.0
543244.9
996282.75
369231.22
360702.34
1105663.5
718412.56
1078064.2
314644.84
2059841.4
292299.22
175455.98
678972.5
1467984.5
1113843.2
418211.34
1417725.0
1157212.9
106081.98
1743963.1
1224073.2
1178781.1
200131.1
554244.56
236565.56
1709107.4
295612.9
585444.75
783811.1
741237.0
599936.75
1364081.0
905414.94
137041.02
106183.95
27951.135
157720.77
