101537.7
5061162.0
1318165.5
1628440.8
64972.05
1394900.4
1478326.9
651739.5
554627.2
817161.1
590356.56
2768645.5
1769738.5
1233181.2
400133.3
456286.53
585357.3
2182132.0
3646876.5
563096.8
1743056.8
861137.0
1618943.6
1703661.6
1929404.9
1421548.6
507838.5
438710.56
1117657.2
529710.1
990333.9
436603.88
321879.62
827780.75
235635.33
3291879.2
1043246.3
581895.5
1840494.0
464918.7
226931.0
1019797.5
660876.44
860890.1
5032683.0
783170.6
932529.44
1026233.1
291351.28
999480.56
2427644.5
1808869.2
1123611.9
713077.1
471780.72
42959.133
792822.1
138720.33
481173.62
2767695.0
147377.06
