10719977.0
93905.83
2550241.2
834869.56
333487.34
891916.0
2023406.2
440584.2
327212.7
2813980.5
7432756.5
3225977.5
1758790.8
653508.1
1979291.2
2841902.8
1641686.2
265225.12
25391.568
237739.27
1152729.8
1498173.6
1500730.8
2041481.8
1232702.0
3723468.0
457658.28
17370.047
18975.08
14081.09
14321.939
197610.36
8607809.0
537866.06
82893.88
566571.06
1403299.5
2285172.5
1040819.4
2973838.5
482118.16
1007666.3
244350.55
1414559.8
737297.94
2412003.8
677641.0
1406559.1
1166147.2
488117.94
516283.28
243172.69
242758.56
39027.41
59961.9
152750.53
407310.28
49526.566
39249.887
26072.252
157576.97
144513.98
