7860365.5
245233.53
1391860.6
856751.44
351708.94
2668415.0
4201657.5
2641440.5
949103.0
8549849.0
1710940.9
2001075.1
296189.16
460668.62
2180887.0
1429505.5
1377361.1
857098.3
832756.9
2423930.8
374362.38
16862.842
401988.4
303089.97
404995.22
1629593.2
1235405.1
611617.75
1838522.8
974345.44
14728.917
2380423.5
3490795.8
2583530.2
145578.9
1602622.6
47067.84
15342.295
2636863.2
61697.004
456395.9
9940.842
864208.06
2335287.8
110584.99
82901.22
2012553.9
1602515.2
332954.5
431016.62
892408.94
1713729.0
4051.9485
6849.757
4565.165
743407.3
