20839.37
21910.139
275344.12
177308.17
177308.17
6579528.0
260391.66
129740.33
198472.16
120721.36
128802.734
974963.6
91474.445
191527.08
128033.734
191923.94
40621.746
290542.25
786109.7
210781.67
1380052.6
123657.56
71845.15
74334.89
206699.02
1198400.5
1756367.1
2227898.8
162411.0
98380.836
1192150.6
7615.9404
2074801.8
61085.293
1593692.4
809008.3
347560.6
2201522.8
156599.78
1716056.5
1714536.0
887799.4
2729007.8
506735.34
998026.3
690683.25
647874.44
783461.8
954624.06
741300.2
216904.2
1446557.2
960630.75
608855.9
140955.7
158068.67
176916.05
176916.05
176916.05
