500935.88
2985514.8
677890.6
2210720.0
3650941.0
363971.97
1123608.5
2875981.5
1342756.6
5129627.0
4945555.0
788458.5
468521.06
1468940.8
890407.94
1329379.4
670146.2
1493220.9
1756249.5
2074308.1
1415210.2
2397144.5
514419.84
1845914.5
3331406.8
2422954.5
895348.2
1469154.8
348921.97
389714.53
1471835.2
2871887.0
2660373.0
1516019.5
2338192.0
2346328.8
2140567.8
239975.03
614865.2
1620156.6
1994577.5
2617984.5
3720180.8
909689.0
2891767.8
2611203.8
1009331.4
1546367.9
5029260.0
1906149.1
810536.06
773229.06
3155039.5
1838539.4
1440367.5
838964.6
892513.75
1224431.8
1862868.8
167287.2
2936614.8
479923.0
706405.06
2619216.8
2634071.5
709619.44
374176.12
571669.75
2999886.8
2057564.1
1708304.8
1585420.2
1372911.5
747990.94
3252828.8
1459655.4
975014.3
516924.84
330305.47
124242.16
2031279.4
3483981.2
1560721.0
969857.7
271314.94
684817.5
1175737.1
1585785.4
1122858.6
752119.4
5595258.5
2118347.0
1291486.2
628123.4
7962320.5
1111795.0
2191598.8
1410271.2
2074980.6
2345358.5
803368.94
693859.94
363202.62
80174.08
1760472.5
410352.56
856560.06
3018887.8
2792301.0
2998291.2
306542.28
631664.75
485509.88
700860.7
1674540.0
396090.1
2705433.5
850653.4
