156554.53
143548.62
85946.3
1013392.2
265402.3
49249.895
3307299.8
11269.249
37946.113
45309.73
5893624.5
7844.3965
885810.1
4841.4756
1521826.5
93405.375
1031328.6
105603.83
248941.64
146006.16
53019.15
6053099.5
367363.78
234305.52
103069.98
462765.28
1372574.5
2068902.6
6339571.5
3384437.5
331971.9
122845.21
172788.14
430471.38
3013475.5
72155.65
84210.96
438659.3
5377216.5
374630.06
1158653.6
8446716.0
624955.5
175968.84
175060.94
373352.84
696652.75
1227830.0
7794596.5
840736.75
3355353.5
861560.4
14838.687
4680784.5
1270216.0
589926.25
236976.03
237434.88
2742375.2
179783.48
1924914.6
449040.3
100064.305
377370.12
26021.684
