197554.28
165769.03
1461925.8
941236.44
1513143.6
2535811.2
6152075.5
1661756.5
225515.2
5131292.0
452439.44
2026315.8
1241249.2
792980.3
9516630.0
226053.14
2481097.0
1821782.0
1485244.6
3529076.0
2420724.5
556128.8
213134.67
1507791.8
310584.2
1653572.8
4566104.0
113154.31
879412.06
2106852.5
1643202.9
585013.25
1504371.0
2415397.0
434126.62
1169517.8
1083982.9
341089.1
319013.5
685472.4
3331630.2
872460.3
2489527.0
1190310.9
1010304.94
2193676.8
1833344.4
489013.22
4776449.5
3550767.8
910823.8
70138.53
1512756.0
4242396.5
500210.34
353423.8
1228071.2
1244714.1
142370.14
210707.48
336786.88
