97503.25
4813759.0
56705.35
5184967.0
1267530.0
518468.3
167965.34
302223.38
18395.225
78604.66
1082372.8
46576.902
10661.533
473976.0
64811.074
4269531.5
18335.295
74034.125
141934.28
16349.255
65361.72
27192.188
38017.215
67947.01
55602.52
72377.88
23586.66
5232.09
7600.6616
10246.548
14430.072
57276.305
4581.0845
283086.0
510262.5
1844674.5
1847675.6
761158.9
1036807.5
2125991.0
1336054.9
990379.25
999384.7
1227473.6
2148431.2
372081.75
207705.06
2153476.8
3624318.5
948068.0
1586888.1
1911528.4
2885493.2
704205.0
126688.93
5613377.5
29197.809
4186.7227
18394.334
31105.76
1132272.0
482860.34
2361209.5
222188.64
611101.06
762062.3
739314.0
2363534.0
1831925.4
2761483.8
2738066.0
1544597.1
890477.9
307578.0
3156627.5
2220869.5
290671.56
521268.03
1010932.5
2657217.0
248820.06
963998.1
3412528.2
32090.04
399532.53
97278.75
509021.0
209789.84
458449.53
31084.057
3288158.5
4335754.5
2712881.0
1572792.0
3614185.5
1231584.0
1957111.5
593950.25
612277.0
1819848.5
5774965.0
411896.3
82414.5
2246309.2
58428.16
1465326.8
2146906.8
1510903.2
2076473.4
3121924.0
40884.23
3452224.2
567227.75
4187922.5
1047377.94
4041411.5
1768982.1
1716138.2
964415.06
71124.836
