5634.429
6346.363
6800.432
6800.432
6800.432
5354.4536
6692.474
6740.1587
6749.0244
6749.0244
6749.0244
6612.2466
6692.474
6740.1587
6749.0244
6749.0244
6749.0244
6612.2466
6692.474
6740.1587
6749.0244
6749.0244
6749.0244
6612.2466
6692.474
6740.1587
6749.0244
6749.0244
6749.0244
6612.2466
6692.474
6740.1587
6749.0244
6749.0244
6749.0244
6612.2466
6692.474
6740.1587
6749.0244
6749.0244
6749.0244
6612.2466
6692.474
6740.1587
6749.0244
6749.0244
6749.0244
6612.2466
6692.474
6740.1587
6749.0244
6749.0244
6749.0244
6612.2466
