7955458.0
126759.65
14557.974
170838.97
1347563.1
67971.914
96773.305
7966221.0
1070623.2
261755.05
737067.7
1204568.9
2267853.8
169792.77
470457.0
7733155.0
397568.94
595176.44
240437.42
3471960.2
187928.33
163691.94
3884887.2
458845.25
655639.8
3063258.5
2137139.5
1309241.6
1244733.6
380830.22
1353198.4
1200644.0
2075556.6
1242253.8
2587710.2
1625134.6
1019255.94
2366771.5
936247.9
1312388.1
169720.05
183977.4
404712.53
454744.6
823986.0
390068.2
351129.66
1271565.4
1238818.6
275681.78
1405508.9
3503761.8
157279.28
722466.5
2013075.9
1763213.2
652983.7
2143641.8
275606.38
955402.75
914495.4
1403206.6
326175.47
2454677.5
1256458.8
890968.6
613471.25
286197.38
750051.0
159535.55
553658.94
236747.8
729158.06
159357.67
56801.277
1525679.6
1290331.5
1053039.5
135854.67
266729.8
950174.8
1449987.0
1204316.0
327818.06
2043797.8
673944.3
974249.0
1252498.8
467200.06
238745.89
298051.88
1778717.2
194956.33
551491.44
162318.52
268382.78
7682.369
393164.16
144513.98
