2350296.5
719974.25
1002541.1
2050972.2
3498921.2
2957225.8
1861167.4
1464949.2
658663.6
1619227.9
412379.88
369602.44
275709.5
417128.47
247709.64
234193.84
160106.77
535670.94
114638.2
46250.883
3574999.2
75772.625
19760.818
5332.639
4824.5728
3193.2239
1585377.8
66850.78
80065.53
14345.019
11925.799
959909.4
11899.602
1507852.2
1009028.7
2742558.0
322485.7
1653211.6
1074815.0
343205.44
269485.66
1069727.2
1712111.0
1781128.5
615588.5
222403.27
880239.2
540994.0
765662.1
3775.792
1213677.2
681073.3
1588781.0
3780359.2
4689588.5
560812.94
903514.06
2151298.8
4009592.5
1197919.6
76180.7
72584.07
421699.97
1284740.4
366490.38
1524245.9
2208026.5
671032.06
181956.42
172172.03
3520445.2
127156.98
313110.56
101455.484
245464.52
269433.97
508340.22
3059469.8
2105310.8
2268292.5
913313.94
378215.7
57105.45
690501.25
449007.8
630763.2
485198.9
417032.03
736894.2
971601.1
2476980.2
2111692.2
1284693.8
527373.5
566522.56
399687.6
350104.25
241561.19
299936.3
206624.7
177398.98
259597.88
1633880.2
268658.0
187607.7
118773.95
603605.2
138475.31
1042089.6
1315484.0
757894.1
329632.66
373409.53
832487.6
455856.06
359992.0
1642931.8
1721472.6
1795738.5
321268.22
