233571.75
193004.66
76029.58
97609.59
88055.23
203823.5
255098.53
239402.94
1024386.7
204683.97
19135.348
160164.31
122201.87
89559.07
35755.945
48189.066
81980.88
1738941.5
15600.044
19087.58
61046.195
36104.55
2107967.8
61156.688
83571.99
165431.38
268930.12
72858.164
59498.62
360603.9
48938.953
81560.04
137676.22
15094.399
135660.44
141336.67
9823475.0
126077.53
83397.15
37105.33
94391.84
41710.086
1300305.9
39548.715
41246.336
31781.875
87494.04
23969.828
352326.84
171614.94
35785.613
442263.1
133205.36
29046.223
27951.21
306131.1
342653.28
17851.115
16412.383
395031.03
148243.06
