219008.34
5837.801
9764.659
555870.8
116635.73
9806208.0
286480.4
416091.7
1198232.5
791928.0
2119591.8
945284.5
1150336.0
1160684.5
2239017.0
807472.6
5290195.0
268417.2
54838.613
2314272.8
2724756.8
792820.44
345145.78
2026892.1
1137469.9
589275.3
550069.6
1305856.1
987027.7
57939.36
1124974.5
897303.7
1883566.9
558505.8
3699506.2
351653.8
459014.8
1827107.2
1514730.2
153250.14
1572558.8
2194993.8
386387.22
2164789.2
513856.94
1719135.2
914253.94
2388323.8
965177.06
824194.56
214879.03
1116734.6
793413.8
922776.75
693193.7
1060078.9
86122.33
2260140.0
93578.51
721785.9
359326.9
1013117.75
2718375.0
91128.49
5817.5303
469842.16
104047.15
