102303.01
53506.79
161088.33
136033.81
118659.0
120962.9
15832.322
145038.52
186240.72
357349.9
296686.28
353482.5
460823.4
132458.83
131647.98
191769.28
342586.44
199496.94
300201.9
38280.81
85690.766
169882.34
86684.41
169510.19
296830.2
185688.7
168331.88
7729.1025
145706.05
64869.08
53364.773
85332.06
36744.023
93599.03
69596.27
182832.94
42342.08
86494.95
121222.586
72830.97
23339.008
319186.62
361598.47
86116.96
154189.42
63250.656
26933.803
170366.88
58849.105
52802.688
34888.63
17206.547
21298.127
50457.527
163302.42
366018.25
23616.49
15838.089
17043.332
17353.14
16908.041
16500.455
16738.8
17308.814
17116.775
16886.402
