388391.7
510493.62
1360986.9
1610328.2
2350834.2
276599.1
1617777.1
4450631.0
269344.88
1076637.5
1372322.2
6299202.5
333238.6
1482969.6
830202.1
1283884.6
1183750.1
2100319.5
956985.9
457474.62
1080125.4
2731553.0
2740427.2
543327.94
672069.7
708942.5
5337958.0
1112611.4
2500102.2
1589006.8
2103844.8
2719660.0
2291923.5
479370.16
2297794.2
3719157.5
1403393.8
422035.28
3038430.5
555813.7
363051.0
353210.97
909081.06
1250371.8
6807304.5
1856640.5
545650.3
3001756.8
88642.56
605866.44
128713.76
2382397.5
69173.55
431954.66
4016890.2
705.7493
5691.3486
1171.5724
788.5632
686.53467
