78448.78
144328.42
106113.06
109942.78
87856.83
37439.88
1986314.2
710630.6
329285.94
325348.5
162861.61
76213.31
304442.2
176588.81
402496.3
572768.8
137299.98
212537.72
2506024.8
604776.75
1102854.4
1057697.9
283829.66
876012.7
1391659.4
257121.7
2021139.4
884771.1
1440326.6
1181103.5
207471.38
311947.6
390376.84
251757.14
1340013.2
29844.254
2149257.2
434206.88
118438.125
81083.914
863865.75
3634980.8
787841.1
3329232.5
2155324.8
1199362.1
665431.94
3440890.8
189746.36
2312138.8
1883480.8
1358239.9
204360.12
3670473.5
2466293.0
409479.8
1769740.6
4600959.5
305028.97
1285241.2
901573.6
2649847.0
2652212.2
713462.1
537362.4
688600.9
2736242.0
703149.56
2106509.8
1418027.2
1234757.8
562125.25
4663831.0
292891.1
13331.996
1768879.0
243358.58
306739.16
149785.45
85948.414
