630405.9
24532.467
2728514.2
1089485.8
617198.94
152332.2
196306.14
30469.701
934972.6
410732.28
680847.44
1119893.4
481145.1
1770039.1
3226635.0
3472683.0
1758116.8
933306.7
534153.56
250993.02
546125.5
853632.25
43595.242
13863.262
3425.1646
110825.54
6202.518
6657.3086
521421.06
21855.246
173773.27
138200.14
136949.81
4594.6987
4633.4375
8063089.0
112096.14
10951.341
11128648.0
3045570.5
251704.45
1754054.1
2106671.0
2258968.2
2371986.0
168675.06
5278.8364
6113.3076
6423.3794
5003746.0
247005.12
833053.56
154462.08
32479.861
34116.75
699412.1
4246.327
4169.416
4046.5725
4168.408
7521838.0
1381781.4
1326995.8
554732.94
1967476.4
1161346.6
4223645.5
650483.8
1729386.1
1254726.6
1813151.8
1210601.2
1079386.5
2096530.8
110841.99
49253.516
258721.64
8184.2637
8208622.0
1018296.2
784607.7
748556.94
2234663.5
3747021.2
3050369.2
5591957.0
1002972.3
1094619.6
624212.56
339064.53
576064.06
1135380.8
491160.66
307155.6
2842257.0
1074433.6
215587.19
1132506.9
1299885.1
3693572.5
585712.8
1332772.1
649269.7
803693.2
3128140.2
670633.7
1274198.2
1392218.6
94938.24
1260970.4
34609.7
608538.0
1239289.4
3373100.8
15163.935
1341416.4
816610.4
2013393.0
1266799.1
549968.2
