10764260.0
129568.56
265582.88
1273035.2
1544177.4
117400.22
429524.28
1784038.5
201387.42
6250272.0
94392.82
630810.25
877828.5
1036753.7
1365603.0
962471.44
503649.25
1249587.9
1312687.9
940030.75
585422.25
4711472.0
363117.25
2177847.8
665768.7
1330206.6
1253045.5
295809.28
1877750.9
669755.4
599359.5
218024.8
405585.78
2543536.5
252084.06
68753.68
406777.53
701342.75
298720.9
4221275.0
336026.38
402033.22
1666027.6
662846.94
690502.0
86328.93
1122825.9
329039.03
1565605.4
130761.73
267632.0
119313.64
5637219.0
908290.6
3968800.5
640151.0
255732.83
37091.45
57598.74
23481.9
521633.2
