9682.409
280992.16
703823.06
1001863.4
1455508.1
1709563.5
65116.3
395377.22
20515.455
2699034.5
10544.721
40145.633
38499.844
726129.25
275377.34
90384.35
56329.11
21681.883
43122.1
40010.62
12559.246
36620.66
8787223.0
5685.62
6086.366
236743.39
4051463.5
6200428.5
825098.8
660451.0
868726.7
3805329.2
356535.75
1567354.5
755138.06
7933.738
1608028.1
641846.8
3035029.5
658844.5
378982.66
1362609.0
2358490.8
452642.78
197745.22
1411279.9
1909169.4
30733.82
61333.527
876054.3
25736.762
3914852.8
188048.64
24284.945
1567593.9
182757.86
17299.754
24729.98
7967.917
7173.927
454.59482
31860.738
7211.0654
17235.484
4095.4854
13252.535
18964.719
1567.3561
3339.3018
3482.3555
1425.6829
