612020.0
663566.75
1010953.75
3927795.5
685594.2
1917604.6
107653.76
112192.79
59676.71
769088.75
152716.17
12546.985
4128169.8
60611.07
2001401.5
392335.44
1730480.1
2038486.0
1669833.4
1872517.1
629904.56
2570895.0
324910.03
141930.42
191672.81
649901.75
273282.6
563827.7
699179.6
53652.402
3048514.5
301204.4
617475.5
3021873.5
922521.06
1457389.5
298698.5
3631164.0
3201524.5
1701575.2
2041073.9
907645.6
2088697.6
800794.06
28450.494
277699.84
345112.62
422389.28
1257808.9
415360.25
3805200.2
68729.086
2070402.6
8010.228
29507.271
1633612.5
2372385.8
12480.323
8372.458
14535.652
