1144209.2
2875958.8
765189.1
8173205.0
416878.7
1056712.0
341560.25
1889664.5
117836.1
163768.52
30448.445
131086.47
21895.58
133951.73
4594542.5
48965.098
2604915.2
1678579.0
2306.8438
2207587.5
2788287.2
24517.434
254552.6
38197.223
54260.527
2592867.0
86411.97
81256.05
2134948.0
1414141.0
44769.992
104156.016
76388.11
146028.47
33141.285
1886766.4
738669.9
194786.77
3506033.5
322530.56
750573.06
94767.72
38932.406
2745178.5
346976.0
443950.03
60853.42
521896.8
5348477.0
479267.97
370775.56
228747.95
551096.25
364243.6
792605.75
976870.7
525146.5
1691928.5
1007611.2
896726.8
1444864.4
1497802.4
2468923.2
810242.7
971091.0
1157698.6
1296798.9
1231020.9
2151241.0
662815.5
801369.4
5060700.0
1668138.6
141924.53
3832761.0
1026580.0
3983715.5
2633604.0
2558691.5
1019786.4
946366.6
148093.08
556103.06
2118549.2
336543.0
1730928.0
454127.97
1581164.6
564841.56
2298666.5
805180.94
636849.44
993149.9
671276.25
601734.6
1397859.2
171093.22
30190.42
30427.94
30388.906
