4251043.5
266249.12
391290.9
594145.56
355527.56
16609.814
164386.55
86117.414
22001.367
34548.082
38002.85
46572.145
22627.51
184780.5
365364.44
280307.06
54906.406
226658.31
14384.298
100958.16
24377.688
192311.9
27044.662
174777.81
205834.66
134446.61
60640.125
138855.94
61092.875
40660.203
39322.406
83372.25
91202.51
79321.97
96973.07
108717.63
137361.77
28837.076
28699.414
48485.055
40178.08
1079848.9
146281.53
191705.61
148152.53
263466.56
173240.34
46486.844
200918.78
155159.4
131924.28
159986.75
31483.785
70516.2
70709.766
296710.75
30856.723
60760.637
43214.973
153349.61
25726.447
5047623.5
401895.2
843924.8
457199.1
22341.104
7433.2017
136688.58
760961.8
149283.05
148243.06
