1632857.0
215123.61
1637596.9
201185.23
1250223.4
1823679.2
1084504.2
2042153.0
4239769.5
887337.44
839741.94
276545.7
204030.89
1979390.1
88513.12
38652.91
43845.836
53456.094
577874.1
1977726.6
3718012.2
479073.7
3743030.8
1564710.4
3216334.2
1366056.2
1573868.9
5642459.5
443817.75
1427794.8
53004.52
35713.816
64700.113
429867.3
1161051.2
5657263.0
6952364.0
12912.351
4049.3372
1289269.1
699456.75
922372.06
1540653.1
176490.56
3950923.0
1227720.6
167331.55
574082.0
208128.47
1994922.1
89222.93
1012018.6
1748995.4
413226.78
582045.5
1790854.1
7093365.5
1657711.8
1188510.6
2778558.5
2820971.0
93575.1
1491217.5
725066.0
1035920.5
85917.82
573176.25
206893.64
2633985.5
512429.38
6784586.5
73053.41
2983378.5
1434469.8
472134.34
75374.86
9533641.0
101872.875
22796.201
8533.234
