73106.48
106751.91
1589259.0
12148.193
833060.94
3573.3552
6825984.5
371084.9
100118.65
278629.8
5859.2905
307398.53
761507.56
5441.69
716263.7
470012.72
3903.5022
10089.16
368462.5
915749.25
850097.7
74096.23
584408.94
995083.6
6621.341
4166.721
46541.645
1049335.1
1191043.6
1201824.6
1369042.2
94668.19
103612.14
878153.7
771645.8
3451493.5
215860.69
45567.9
2170745.5
386113.97
30443.846
31259.445
692716.7
551115.4
664774.9
433167.62
356041.7
133337.48
180475.86
63941.664
4551074.0
70453.0
42302.18
17710.615
15303.908
14736.196
15070.451
14816.572
14459.491
15243.295
14815.202
14283.7
14793.864
15489.794
14799.139
