143436.44
17419.852
4562026.5
2130.5623
1252.9562
669.25836
786.2079
1492.61
1034.8755
861.2617
85.54103
1527.3724
1012.7841
1836.6805
783.8044
1240.0742
1456.8673
1673.4128
725.3697
9132.099
1587.6125
8900.631
10444.401
3913.7712
1085.3896
7551.2188
2807.1396
1220.0675
3927.5427
3385.3674
754.10443
1127.4105
6332.112
6488.3633
5374.352
23736.033
30184.365
2172.8665
583.1583
6369.333
18792.217
26832.74
2973.8052
10914.23
3705.7595
8845.3955
50074.65
143716.7
17708.293
6000479.0
123210.5
16384.553
317295.5
56474.94
15225.186
981925.5
1798331.4
218201.56
54161.586
20620.871
23253.068
3880.801
23052.46
4254.8677
37517.227
3800.35
4642.1353
7600.493
5407.6646
5049.733
44595.715
41713.984
