3632260.0
4822737.0
1041148.2
4107383.8
1168806.5
180631.5
192059.58
93999.61
6254020.0
794541.06
1789481.6
1029794.2
3440257.8
405407.03
1092003.9
638300.8
626663.5
1019459.2
146577.16
336568.5
3743010.0
1638917.9
529527.7
1130378.1
189159.06
1414478.6
1665489.0
4260848.5
17016.133
1519366.2
3244614.0
1840621.1
4781421.0
537405.4
980470.75
1022309.44
2475087.8
1616386.6
287220.0
1458142.1
781210.6
2778641.5
886511.25
1572317.6
1077955.6
2035174.9
462323.94
3047379.0
380632.75
356042.22
748683.1
1018566.2
3215150.2
1288122.5
2983024.0
2063779.4
164607.52
3000866.8
2072891.8
413666.12
3343608.8
639485.75
301495.72
1089889.0
1970945.1
1670225.5
2537597.8
1580504.4
1375389.9
4861850.5
2201300.8
730955.8
1306756.6
2191913.5
247723.7
685161.9
1444395.8
3225757.2
388429.78
2655594.0
1660407.1
1404963.4
519390.53
8527.247
194602.23
63772.77
1588.7222
109677.234
21424.059
371917.12
8428564.0
5771242.0
51883.45
46290.793
