1668346.5
2492478.5
372601.72
515753.6
135936.67
1659203.4
132882.7
1134713.4
1308314.2
42475.207
79249.16
18873.412
688128.56
3840.3953
3218.11
178192.64
15104.016
16629.926
12970.727
7971.4287
9721.769
11717.451
9958.257
2784.1978
4210.2173
12516.646
13085.284
1659052.5
1554480.5
690770.0
2491602.2
31971.643
22353.008
13929.167
10301.615
1406583.2
546733.8
1345696.9
2509707.8
2323440.2
69455.29
368883.06
939651.1
360794.88
561998.1
151992.12
1303404.0
102841.055
1970659.4
149959.97
792378.9
493570.0
85760.78
93723.09
1733730.9
558428.75
2445932.5
208942.72
448074.53
17691.424
951788.75
54231.453
1005378.9
17900.936
59224.305
1018426.6
69741.305
128136.95
872578.2
32874.21
601579.0
806161.75
20138.55
836397.6
9192.056
297795.3
1396781.9
847314.94
923600.8
1833789.0
40001.81
4517.9443
453788.16
452842.44
221879.69
182966.78
700370.1
72502.72
1080787.2
110413.46
671713.06
1183158.4
234171.44
14865.635
22675.51
14573.609
11685.32
44312.777
2006529.6
101529.38
590707.75
8856.492
644604.2
40164.95
218061.81
25405.676
198461.73
855976.3
71897.31
66639.68
56599.32
1229203.1
1684.5018
1481.8622
559666.9
