648489.56
605857.7
561461.8
35851.797
1379389.1
248272.06
526029.44
2206775.8
410480.56
890342.56
289123.62
130843.2
102979.32
1280384.1
319214.53
406759.16
661488.4
348002.9
90685.555
77717.82
28940.283
1605505.9
63147.36
53322.555
114373.625
71045.2
1248810.4
315459.12
887745.1
476314.56
1111248.0
698023.6
379089.6
3846436.2
298352.5
192089.0
18211.69
43423.508
51790.74
809879.44
1292334.6
788186.06
724288.1
892486.6
39987.38
20769.62
765042.1
171642.3
46226.375
1530854.2
62465.66
45291.074
868594.44
4128362.8
2332952.8
2762085.5
1751520.0
668762.44
161011.92
194032.6
219524.06
81037.06
370955.25
631881.94
778792.56
72321.05
135175.77
1117800.8
12000.277
5819.937
8252.632
4790.854
392013.84
34463.582
7323.766
4315.176
89684.02
146230.2
