347484.6
598229.8
2340520.0
3877509.5
5182224.5
1337713.5
1466546.8
1250326.1
2861381.5
544336.4
996800.4
2319545.2
653403.25
1672944.0
2033463.4
2451128.8
1552288.9
1017800.3
970682.9
3374626.8
1404746.5
2436158.2
2303370.5
263535.0
1023632.25
1145027.6
1138249.1
358116.47
727534.25
760118.06
140227.75
442434.8
273114.47
827325.1
805944.1
1415238.6
2344344.5
4108581.8
143764.75
1736698.4
1060867.4
367261.9
629609.5
1864594.9
2486809.0
1370108.6
3156745.5
424173.7
329014.97
381982.2
113755.64
912098.3
983796.5
628873.5
255220.39
194463.11
52777.473
12025.534
10933.399
16295.236
24316.396
37076.68
