89658.18
390148.4
205146.22
231628.2
558412.8
112525.984
54170.113
169078.83
165279.56
181761.62
263528.16
92855.13
277251.78
342089.8
210959.0
232208.61
419249.75
1032104.6
1371715.8
466758.38
817361.7
607788.0
1731829.9
4817562.5
516704.03
1331302.5
80902.59
44517.605
17802.312
124518.92
228229.8
2230426.2
771168.25
787301.25
67913.555
2412000.2
3910197.8
77765.32
1966628.2
25114.873
10092.884
18361.791
15246.417
13514.953
2692303.0
672589.94
325009.75
141894.06
160406.11
343448.94
409896.9
90678.84
2059092.8
6271.7783
183273.03
239250.5
963795.9
3119359.2
534449.5
98981.35
3663305.5
1468992.8
2010850.6
293424.22
61212.94
169467.33
790691.8
1812317.9
