3188.5515
45591.67
59274.734
74056.67
513283.97
421049.16
391566.28
114979.65
112945.77
154313.33
92429.586
1203302.9
50273.04
89210.51
319533.47
35956.617
40568.723
116620.32
184686.86
489971.12
194481.42
2362025.0
106449.38
171837.7
101512.09
763874.0
473997.1
140211.81
28910.732
75991.29
2953.7703
67250.76
548521.7
64415.855
24110.188
62337.37
158955.7
900592.4
759563.6
330886.1
150654.12
81284.43
2377862.0
1865338.0
809693.7
2555749.5
142574.3
19789.383
7696.0884
6126.111
16410.242
38446.38
111285.07
59828.457
59759.996
377130.03
546616.06
1161270.1
568012.0
217460.14
712654.5
352101.7
125568.33
2209849.5
309600.1
2446512.5
643020.06
476028.44
470529.3
183399.48
295082.16
343698.84
928722.25
172862.44
1348840.5
1205283.9
1110060.5
1688623.9
1501619.8
447104.28
2759260.8
119920.484
201285.36
123405.414
818575.25
1194051.9
1015964.6
601490.06
114620.56
99594.414
107341.5
169250.95
964077.75
1491916.8
490736.6
1403345.1
476181.9
226573.95
284187.16
1017165.25
745541.4
2528994.8
3065585.5
870513.25
645785.25
813355.75
162392.38
21312.666
37683.477
340774.16
712558.25
454474.97
313323.06
929126.4
677160.06
368456.25
253535.08
85460.14
18138.812
12286.337
