15179223.0
66606.664
15748.047
18430.266
19968.723
42504.0
49439.03
100922.65
74216.93
37413.83
78483.484
50557.727
37222.22
93049.195
708622.94
403314.03
414472.53
100906.03
180498.61
187208.73
823958.9
108886.08
235457.06
89430.66
417416.03
704942.2
946281.8
1500159.5
1062855.8
745544.0
1147254.2
463548.56
303026.28
189824.61
91776.516
96514.25
281044.88
78495.58
654654.75
434996.06
1661423.6
598075.8
6752358.0
1435876.6
2662172.8
397335.34
36322.395
100319.78
120751.695
176407.39
135588.56
89725.84
62747.938
12618.186
51026.285
111771.75
55437.75
134713.72
255910.77
215076.81
148431.11
80715.72
21872.8
31970.348
842971.94
16219.175
22465.18
7946.7554
17261.66
126867.73
47752.477
17024.0
639327.9
13201063.0
160681.5
27830.646
33594.375
527649.06
521470.34
45988.445
38630.293
76444.625
158015.03
