12039512.0
782629.75
1511956.8
3475035.0
1532933.1
4930301.5
2218208.2
1526544.1
787632.94
1033613.4
3644253.5
1417788.9
46449.44
1413023.6
189772.28
115130.14
89333.71
2371203.0
298659.38
1000011.44
537675.25
847375.25
371581.6
107071.016
2118088.2
153749.69
1856914.2
254658.56
1699507.6
11182.197
577851.5
1723326.6
898905.75
6429670.0
527295.4
2588494.5
947118.7
944968.9
387472.7
1427058.1
2401216.5
76985.09
8787783.0
930865.7
944271.8
551333.94
429950.5
1225516.8
431021.03
320547.44
421830.47
3723502.5
609975.9
1003383.25
12199.677
18109.438
2351450.5
334727.28
1901806.0
774177.1
1672045.0
221650.05
2119034.8
69283.19
1490144.9
1855467.8
2148727.2
128517.95
1048243.6
753209.8
44142.156
1120586.6
202567.36
412741.22
2655582.8
75740.11
115239.0
763147.9
1062626.6
5418871.0
603762.3
193967.56
124770.41
187626.5
2740070.0
313258.84
4565235.5
19666.127
2736.2456
1865153.4
