5942.0127
229546.89
9579.8125
407743.78
4888751.0
105250.73
77872.445
6835.2065
73933.12
127978.305
41283.242
1034515.0
132035.73
248983.58
334075.9
61132.78
822610.75
186860.56
1006877.4
1321715.2
2934097.8
1659754.0
92499.97
64758.906
66091.125
786674.4
17391.285
27382.188
66449.09
44924.168
2016274.6
15541.842
1602931.6
1988933.2
24692.625
963641.3
87211.305
38248.074
5503180.0
1163383.1
1332829.9
4952.195
52875.445
24797.969
4994520.5
147626.95
8215223.0
149183.2
6910234.0
4964356.0
1572495.9
3061803.2
368767.56
1749032.9
39389.324
21135.22
429665.9
4658660.5
51404.91
57182.184
758.0534
59200.754
59805.875
1415660.4
806385.6
229700.2
5576154.5
192067.8
587040.2
191437.56
69842.71
422120.97
17817.758
633793.44
1033090.1
1237443.4
1863549.9
4002.2207
203205.25
282444.2
153361.22
