65230.71
3302720.2
235647.72
1643020.4
570536.4
210267.98
9589463.0
258120.28
178743.39
148243.06
6210294.5
986202.06
9074882.0
113010.75
148243.06
3977417.5
5576799.0
136203.08
209959.08
5363117.5
252384.7
157497.22
148243.06
148243.06
4606154.0
1083264.4
2705024.5
1644522.8
1494035.6
1297172.8
285652.9
674733.6
4643251.5
3515366.0
1346911.9
581062.25
980885.75
1495281.0
1901899.6
1036176.94
680809.75
1286540.2
6775780.0
2376992.5
30807.76
1990669.6
94975.77
12644.549
3596.594
3014761.5
1921478.2
371744.0
1518157.5
24961.297
38153.63
34703.38
166566.31
57030.855
57635.88
51070.844
147078.6
25489.027
59984.254
74734.74
220307.39
