54057.305
525664.1
815265.6
1887845.6
507496.06
3173630.5
908006.56
2048176.9
382496.97
395854.53
357195.34
1806353.5
585146.06
25961.357
5302668.0
80730.55
3978235.8
3431100.5
526196.44
4532376.0
858900.1
2291323.2
1938878.0
490823.78
1277199.8
1075347.8
596663.06
3541223.2
25163.4
2758418.8
49339.5
522582.12
813888.8
108886.76
1580276.2
3539278.0
863896.8
1996659.4
400122.44
928009.44
432275.38
2167478.0
798412.2
2203941.0
7920593.0
35438.57
3893753.5
1255455.4
1827738.1
833715.1
1757163.1
5320776.5
369822.56
589047.56
1043428.1
953644.94
339761.53
3495528.2
5166065.5
20649.756
