139431.28
650314.6
3222709.2
1041874.0
3125471.2
1277830.5
1143038.2
3619309.5
837758.9
463181.4
1131121.1
856829.44
339650.16
877837.2
2173465.0
3612018.2
82786.39
1808614.4
42680.805
64901.22
90791.414
56208.812
29541.234
373218.25
50141.69
1268647.8
83312.44
3087116.8
535896.94
1779330.4
1148579.4
2047363.9
721271.9
872490.2
107097.37
1168892.1
844612.1
1429658.2
959572.3
6273.3486
451063.53
95101.02
4645984.0
180478.88
3224101.2
32129.08
988695.8
28333.623
578063.44
79023.195
13527.638
339782.03
14988.219
14784.236
15129.29
13850.075
6060911.5
61370.48
76099.5
66831.164
44757.668
615923.3
8197.844
8421.596
8292.151
8292.151
8292.151
8292.151
