511268.62
90985.69
1619340.6
110911.87
121430.2
258045.12
598944.44
552514.1
2510019.8
1103966.9
1265700.9
431792.9
1617108.6
616877.2
967518.06
676684.1
218568.84
364795.84
792413.8
1561329.0
947406.5
698204.94
358234.06
644779.6
138337.44
278714.66
472477.38
809059.44
17633.324
1283324.6
634797.44
1971674.1
490934.5
621852.5
858529.94
362333.78
785001.44
1611648.5
807113.1
138737.3
67507.805
837491.5
291215.28
561054.25
1832931.4
852365.75
1090094.5
871654.4
1648129.2
617188.6
358957.0
1544213.0
352683.8
74646.086
123396.94
218555.95
6031794.5
1429.3214
1343.8636
204104.02
148243.06
