3493.978
38183.56
73946.586
403733.75
57473.06
628783.5
183338.17
796256.56
647572.8
527891.2
41761.668
172936.64
726231.25
550708.0
526633.25
540013.6
773039.44
283515.97
257023.1
164384.48
526869.0
501706.84
618351.9
486535.38
755218.4
555726.06
36380.77
124853.05
128775.97
143833.47
285107.5
1090926.0
656139.4
235036.89
341757.22
725231.6
474465.06
495055.28
281991.53
485443.22
127222.0
844896.0
654308.44
107508.8
157773.23
550269.0
168510.78
511999.12
458800.53
353524.94
615793.6
65845.89
782966.4
153287.19
305157.03
77952.02
301095.94
1800.8492
277345.0
1087951.5
972122.6
460151.0
1086.6503
460103.44
2499219.5
1239138.4
569682.75
361846.0
1177.037
2225.994
311310.3
249469.4
1347736.6
24780.477
334449.94
512098.97
361353.34
752781.06
408692.12
307458.66
845194.44
91600.85
867966.56
1581919.4
11114.741
17068.732
941027.3
18909.422
4943.93
93136.27
15652.043
434560.7
