672517.75
69291.336
66537.375
434780.3
43426.293
51907.164
1134178.8
252305.33
313820.22
907706.3
187446.31
481687.53
178672.84
193011.42
1452561.1
280103.5
1515845.4
331989.88
178189.55
361226.16
504467.44
1624957.9
1402371.9
1215527.0
1228743.9
126610.89
739138.75
101397.62
371228.9
33956.492
3210246.8
1915349.4
592704.3
118321.34
2040047.2
1038980.5
1022946.3
1168462.6
955721.06
42970.195
1283849.6
782950.7
7566.95
250746.38
2847040.2
908414.1
357181.6
1221945.4
731108.8
992338.7
51459.79
61977.465
143896.67
528454.1
558560.56
196765.27
436252.12
585992.6
506026.38
1819139.4
268781.62
920.4367
1522.0359
