358638.75
827212.56
504693.8
2094167.8
1009373.75
2697808.5
1393748.1
661280.4
174788.6
1140815.1
2699122.2
2093355.2
504075.56
3949286.8
469060.16
1993359.8
4363008.0
962262.6
832934.6
524460.1
1389217.8
791135.4
236453.61
735423.7
193714.3
388209.06
281885.66
559828.1
290485.22
911740.1
789876.8
1609505.2
592141.8
1486877.5
663814.0
495807.06
139164.02
116463.85
1354551.0
405931.5
286764.4
1221000.9
4313391.5
796220.8
2534800.2
300368.34
426302.28
741757.94
1439780.8
588930.1
915808.75
1283369.0
1361604.9
1682762.6
354110.22
185019.23
2234987.5
337263.0
190355.02
442301.47
528816.2
71372.05
179780.81
320797.5
387730.28
74508.19
1715418.9
5772.698
133974.33
23065.934
4671.672
38903.55
30698.695
14261.729
6621.772
