26117.941
68898.23
12877.786
3621667.8
4881.783
15465.956
657135.06
1959676.6
554599.5
571238.9
736.3256
461215.97
5354.371
147260.78
18059.182
25544.246
1091.6296
12777.986
8715.131
5832.352
2492866.8
5264.9624
43528.113
15829.872
8407.594
384.45016
14862.255
1627262.0
2526619.0
1607453.1
1604587.9
384413.66
49464.164
281040.34
774688.9
661574.3
674245.44
703107.3
485191.3
567572.4
109971.64
38696.883
1701294.5
111510.305
78055.62
68621.68
2622329.8
1452611.5
1431620.0
1437931.4
973451.2
61618.465
2766788.2
805228.0
550835.3
60869.6
39111.83
1294571.0
15063.622
881220.4
41704.133
1144413.1
17077.027
3344459.8
355658.25
1217898.0
114150.3
485671.9
307254.1
490807.1
480211.6
14833.502
192781.45
2158436.8
2898076.5
2772431.8
2716040.8
1677424.1
205617.75
588721.0
36075.78
12532.467
35896.45
1996045.0
425469.78
449860.72
486545.2
522239.2
569175.25
250418.22
775.3792
2910110.2
289435.1
289287.06
296208.25
282621.66
276582.8
1039234.75
686253.94
235815.08
1666700.9
12289.344
4150.524
5843721.5
1263425.5
1209542.8
945216.44
1161979.6
476364.2
24193.46
4228863.5
80.60794
4140.3955
1775.0186
