479906.4
945377.75
2062195.9
1506781.0
1340060.4
2350002.2
133451.08
9894845.0
1748075.6
42297.293
133537.98
10945610.0
1075186.2
417544.56
3051898.0
1889511.0
942828.4
2259775.2
524168.44
658660.5
496913.8
1128584.2
385683.94
225452.77
11174744.0
666070.4
888313.06
8548574.0
1862984.0
1190380.1
129165.01
10906112.0
102500.58
1182066.2
11370722.0
3416272.5
636717.2
4408525.5
233002.39
1116525.4
3153294.5
245164.25
3770353.5
499032.1
358453.1
184190.33
724051.06
1197755.8
183630.02
29049.02
46594.445
16487.033
207054.34
712330.8
