11692.153
16347.219
606749.5
29939.006
2139514.0
5154.875
693637.9
38111.777
1982796.2
71376.78
4861324.5
98599.77
1098346.6
774214.9
1380201.4
2595038.8
509825.75
3842852.0
1463479.4
181138.95
2250124.8
148024.55
131617.75
114014.805
81738.02
95596.445
1565246.2
1616771.5
1820440.8
4324747.5
133399.05
325938.4
51574.668
1582139.4
96414.83
1037873.6
1384423.4
466975.1
663886.06
2380583.8
1405540.8
134844.92
1090460.2
358731.84
432087.72
1247653.9
1150275.5
1594929.0
339173.16
2252359.8
2540914.0
168283.56
1555535.4
76117.9
3809649.8
1463782.5
3382573.2
1966460.4
91790.66
17898.29
