54332.7
27012.41
1701977.4
106101.45
3741529.2
1425342.8
871299.6
72730.08
2590896.8
89659.58
386897.3
1888802.4
544423.6
1634465.6
305840.0
1262522.6
3685402.8
1296208.5
1493903.0
582474.8
3284249.8
8720636.0
7272479.5
275398.66
1531348.1
1082701.0
5789299.5
604415.94
2015657.4
211408.34
661197.0
6592.273
1651320.6
2209024.8
855206.06
2513937.0
205998.22
3480623.8
2146369.8
881490.8
776979.5
381630.84
10371.252
2282609.0
1422325.6
396987.3
673410.8
1197235.9
2038512.2
97305.445
598383.3
849852.94
1216091.1
3381349.0
479676.78
437677.62
87919.945
267282.9
105421.62
475109.56
148071.72
147941.73
148243.06
