4757442.0
2584260.2
3759925.0
1291785.1
228461.1
1389201.6
1107992.8
4113142.2
3695021.0
3472173.2
4332729.5
9061333.0
266706.53
2458409.8
4099994.5
309814.2
479776.75
1221577.6
48470.363
1031472.06
1774832.1
1447063.1
4080463.5
1117524.4
1620903.8
4177005.0
3009197.8
1320296.4
1165104.2
956865.3
5183733.5
1954182.9
449819.62
1526779.5
5077078.5
406651.9
2766460.0
1360703.1
4819830.5
1493512.1
1266038.9
3972628.8
943289.4
572310.3
2867222.0
9506544.0
1389952.1
751100.7
194432.75
3719956.8
2186544.8
1624853.9
1325829.2
2410441.2
3010438.0
329852.78
556976.56
76391.125
17497.01
337468.47
