6925196.0
392317.9
724256.06
6624.312
13726.972
35536.934
4137107.2
434389.16
332668.66
600252.4
1290026.1
98607.11
4374009.5
2262955.0
1090047.0
285606.9
2300779.2
5890492.5
1384785.6
232068.58
159507.27
185791.94
148243.06
594181.75
15464.145
17274.043
15111.32
1741445.5
625601.44
42335.12
222646.95
908394.25
14052.8955
20808.057
4478143.5
5714.193
1207.4055
4001.508
1263722.8
132781.77
345782.22
8899.676
3482052.0
519840.56
1149340.1
1034673.2
87086.266
433295.53
102602.44
167453.89
3342464.2
3930192.0
1255981.9
25971.938
2604113.5
964971.8
998869.94
934019.1
52840.902
2870007.5
310085.9
2867877.8
1336121.5
1675226.8
148084.39
1896619.2
291414.22
3114444.0
500968.06
611262.9
25344.572
21266.834
6394361.0
1030023.94
706772.0
332888.4
12578.809
161109.64
319897.78
105604.734
9587101.0
2694418.8
599053.0
967273.25
806446.5
8531004.0
623370.4
578050.3
919691.56
659644.75
577273.2
7157611.5
1804659.5
481713.2
320087.34
804039.94
364096.44
1901401.6
850799.06
1694217.0
801835.9
1214793.2
165858.3
2322146.8
1532552.8
926424.7
24410.58
1825433.1
644568.5
520132.22
1613523.4
