25189.2
24590.303
271273.25
148243.06
148243.06
7278057.0
223609.5
98852.266
222830.39
447155.44
150342.81
500497.3
109298.305
209188.83
809409.2
596495.06
2001095.9
140169.16
413582.3
1440805.1
328809.84
887158.9
2358819.5
1141929.2
1021527.2
2846986.0
627928.8
1071773.1
692461.8
1695539.1
804460.3
2402683.8
865869.5
1376453.4
2815729.2
457196.0
194592.88
142566.16
845414.25
117331.36
427164.22
1952191.8
1442534.6
283984.88
1076588.9
1321110.2
2987003.5
352561.44
3308318.2
896496.3
1214165.0
620216.56
333351.34
400523.6
2469047.2
173955.7
40858.8
138318.22
61110.73
706879.5
1224585.9
643194.94
254836.98
396988.7
148632.33
165154.17
148243.06
148243.06
148243.06
148243.06
148243.06
