7286.9316
7318.008
7380.1235
2182118.0
2975859.2
3950658.2
244455.4
4222802.0
404513.4
1203968.2
5810.0635
5668.3306
5915.9106
245739.9
154838.61
148243.06
19523.775
2430795.2
832201.25
5260894.5
84782.68
1446431.2
6635097.5
2778865.8
679944.0
827299.25
2580008.0
1952640.5
2739357.5
1246352.8
1522056.9
3178438.5
839182.8
639887.1
556292.6
1469273.9
4300.3477
1343826.2
4975071.5
1604869.8
1480071.2
2892816.5
2559884.2
915697.75
4967562.0
95893.66
628358.4
2230977.2
345119.34
331276.72
1103953.9
4872987.5
5317823.0
1204728.9
520081.03
473853.94
527062.56
1092964.2
434348.6
630486.75
165340.64
1148727.2
594094.25
1914719.1
1397547.9
142408.12
1997640.1
1068556.5
2868069.2
2287859.2
2160340.0
630946.0
885787.7
3725454.5
5644614.0
1157657.6
647185.2
5148759.0
3096033.8
2195399.8
468748.44
924053.44
397074.7
3067042.5
45439.62
23813.682
62609.7
359573.4
28875.635
49644.535
281613.78
213340.88
20961.73
1179958.1
5163.7153
5865.573
5612.56
5916.0537
5792.0786
5749.852
5812.3965
5665.4873
5911.54
5815.724
5814.6187
