6877616.5
1174073.0
61452.22
107937.48
736127.94
428113.2
6877803.0
740046.25
8764399.0
986802.44
1154831.0
8103871.0
282952.25
139327.83
1290121.6
606925.6
1345003.2
4498895.5
8641801.0
7497.262
852375.7
121768.516
8465713.0
2596046.5
1182785.9
135513.39
1409873.9
408980.84
4994415.0
10352203.0
47745.19
1602814.9
915601.75
5840141.0
391388.22
1499414.5
92124.3
1710938.9
2394323.2
9419670.0
382709.8
9272824.0
2504555.0
2280221.0
2023183.9
998782.75
2136610.5
1755195.2
1945581.5
65277.977
1082614.0
9329624.0
455409.0
305830.94
2796780.5
476674.12
402583.72
787615.06
2006.1614
96337.08
5645.3677
2589.8516
