41893.67
164064.39
134151.5
63926.46
78492.86
23202.082
31518.355
97021.766
2741733.8
93505.016
18272.932
208193.52
231758.14
620376.5
184944.12
70142.1
1747819.9
334223.8
2017015.5
292318.06
159206.58
110711.73
4931.2925
938122.1
364441.28
163543.78
184848.05
257601.73
1196316.2
240856.7
706380.1
68526.125
214339.14
1257107.2
99223.81
431340.84
475891.88
1503258.6
1706416.2
3727690.5
165208.8
135433.9
61663.777
952012.7
336203.34
1384694.1
421407.06
27212.828
1224100.9
395921.56
730986.94
446992.4
38947.223
1441341.1
671501.9
759616.94
19059.969
212867.64
1113299.9
929005.5
1051066.6
939385.5
1017059.25
67889.99
626793.25
24916.404
70448.086
244652.05
928038.2
233187.84
1154700.8
291339.3
338261.3
1288594.0
80647.56
743138.25
690657.9
467130.5
353418.2
677830.06
685269.9
561744.2
1383370.4
942728.0
385921.88
666978.5
932407.75
841556.3
445040.0
403055.78
2294287.2
837894.6
872899.56
177696.73
82877.01
371048.2
487999.5
24049.363
1179648.6
18329.828
18483.463
