32386.93
156559.5
25982.965
12991.91
160281.42
14633.68
120272.05
1552179.8
15090.504
62423.023
172891.17
47063.984
61805.164
19725.912
3351433.8
41515.684
22824.896
166362.67
19301.576
1240752.9
10228.463
150993.33
12474.602
107226.16
13742.503
402993.16
23310.69
31230.162
97364.234
19968.06
1541137.0
34770.367
11953.171
35314.562
16115.132
1057096.5
4530.6753
4427.9697
8377491.5
17812.13
64143.58
6310.432
148309.36
432427.94
9649.476
294148.34
677191.7
23548.135
476427.22
23989.006
772047.7
47817.617
2906531.5
221717.31
47033.383
2429622.2
2528032.8
66679.61
28570.674
155900.27
481511.47
66886.63
91657.11
92371.96
1270501.8
236772.69
47162.62
500998.03
277995.78
580482.1
452584.3
13434.069
50714.977
12069.68
1978030.1
29788.184
504940.22
20028.418
4113231.8
35113.832
16574.912
62979.242
453232.7
141971.56
232237.53
125039.24
64407.98
