23931.674
7446.9355
16259.656
2783.2937
3824.3318
7596.991
7993.727
5371.128
7985.0986
8810.209
5742.3203
7018.33
1667.0593
97636.84
9164.402
8794.492
9554025.0
612838.75
309300.66
131454.78
603291.75
940547.5
2480.892
1121593.2
2063339.5
295950.88
2468107.0
393169.1
2143809.2
89791.85
395980.4
190847.28
18336.873
11216351.0
12539.739
39251.492
11487.905
14674.847
154672.9
1198588.5
1331614.8
440370.0
2306027.0
527262.75
550336.44
442322.5
470062.56
20295.191
5331.045
54240.188
1357498.9
2382925.5
585453.6
2017714.6
152578.56
537633.2
1285113.1
901720.44
940984.94
121069.1
139077.72
3133188.5
1919270.9
25988.812
829239.0
301249.03
1069126.6
2587975.5
208506.6
130873.66
20425.775
20546.549
10021035.0
76217.86
75489.55
1554419.6
123327.31
163402.48
72642.97
2470775.2
1266573.0
290932.06
3557639.0
258790.2
1131426.4
443929.3
2286752.5
185181.58
685074.1
75146.32
1004313.3
77.157074
126622.7
23958.076
