4478.7383
6369.624
9705.992
28679.398
25377.072
15277.6455
4005.3987
10516.654
5177.212
6873.0327
16082.66
613165.75
61646.87
880074.8
22162.645
423955.47
1678026.6
1665574.5
702783.9
35741.293
3528.7134
27142.92
6027762.0
5949371.0
12159.133
11767.225
11789.131
11764.404
11593.864
13658.694
1270.1013
8993.918
7097.706
3025.1318
5538.6455
12123.696
4782124.0
90932.92
81660.234
98273.12
55309.812
885107.56
161600.52
851719.94
22652.188
167801.11
128916.74
2613486.8
56356.617
15929.542
510216.94
336295.03
893625.7
81398.45
60471.797
1753443.9
96703.76
326728.47
387224.25
309257.7
550062.4
291405.16
31038.045
62662.38
1181856.5
32558.043
33811.723
88566.88
32409.01
909779.0
1460346.1
1316119.1
353969.84
43009.938
40491.203
20897.385
13744.097
7757.8833
11009.011
5388.753
4810.7275
9608.58
9435.968
2657.1948
8904.897
8620.927
945513.44
4094.1677
4182.701
4558.5215
6114.58
3953.9534
153761.98
1161438.9
164824.25
664718.0
69013.78
2347596.0
92134.484
1476823.4
130208.234
46102.53
2863471.2
60114.387
1849373.8
701377.56
48226.08
1071237.5
22219.338
20129.643
7156.4
18186.852
767991.9
159025.02
898078.3
20344.18
62506.293
