17642.611
27977.795
1882623.0
1786470.4
276938.78
116532.01
861154.94
600166.7
332358.03
664228.8
50672.19
255090.39
2425084.2
3573904.2
2061602.4
1516201.6
2947664.5
2194169.8
63717.676
2653102.0
394787.6
347290.16
491853.34
366717.12
1463818.8
65435.695
335436.53
165907.67
733531.56
170274.58
3764543.8
781556.1
1298362.6
490543.22
264943.3
966775.0
1068124.4
668936.44
1319032.0
1069350.0
413060.3
78718.31
92162.66
8338.14
6195972.0
324801.22
244688.7
2121284.8
99938.03
99742.72
2697005.5
3757108.0
218599.52
418382.4
463486.03
617439.0
1634063.8
148192.98
1546675.5
902076.56
917096.6
1419094.8
576791.4
1068930.6
1479848.8
7745031.5
123959.61
49627.797
29737.78
46445.227
268084.12
85908.91
19163.713
62650.16
678327.9
