6548392.5
116111.68
106441.695
684917.0
31309.143
2455375.5
89552.97
2683416.0
1728057.8
1038481.6
1532447.2
73368.67
1847827.1
2186004.0
307801.78
2589055.2
2320663.2
148593.22
2281820.5
183821.08
781418.9
1029625.75
67036.05
1365095.9
2277245.2
1154029.8
376580.25
767372.1
933910.06
2073427.4
607376.75
2243190.0
636389.8
584120.75
2589961.5
1251678.1
291948.94
342044.6
381370.78
2946317.8
434651.28
428422.9
460904.3
1197395.0
409094.0
249317.45
411454.47
1995920.8
3427068.0
170186.72
1208498.8
249326.47
122718.05
2106122.8
50970.133
160638.58
389889.97
129774.625
100715.56
30616.977
388028.16
148243.06
