460480.8
509293.38
1417028.0
644218.3
1047678.9
1192565.6
563637.6
287664.28
817893.06
964004.75
6035844.0
2446977.8
3062275.0
2777297.2
1723951.2
1104172.5
282329.75
188639.16
270332.84
305362.84
1723708.2
384281.16
84660.3
75707.914
1485952.9
126003.03
1013182.2
1544971.9
394187.38
1567226.9
1130979.9
1611679.4
10288.159
3283549.2
196183.12
444878.38
1356100.9
1933046.2
584753.2
1981635.8
8550.002
20097.244
10923.306
1724201.8
27349.04
1480612.1
531342.8
167401.48
241785.72
144402.89
2501920.0
1080288.5
903256.06
1304394.9
855239.9
2184047.0
24144.41
582898.1
1255829.1
29055.549
157058.86
2849768.8
278139.4
1360687.8
3156342.0
2219383.0
7423.3506
10129.089
1036764.9
1031688.3
418392.12
123638.23
449377.56
131322.98
633110.94
45312.75
44580.215
230337.77
72548.81
35621.457
147335.92
63516.23
164048.83
330144.06
2460980.2
329011.34
169708.75
142827.11
65675.69
251595.8
7132715.5
9173.846
16826.922
22771.732
6843.941
141644.95
