223892.19
15600.571
15737.316
9168526.0
38824.734
26260.24
8804.248
36801.887
302464.38
915301.5
7864.9897
104369.38
1315192.0
1730213.5
442361.0
1633159.4
37365.035
228422.39
15737.316
15737.316
2948981.5
344419.88
1616467.4
1038271.56
1280083.8
2493013.8
1868417.8
2866910.2
1674878.8
561773.75
3149391.5
55960.74
574505.44
2237939.5
1218902.4
3412954.5
3443737.5
3379738.2
1582730.8
3593094.2
1392201.6
2354123.8
57682.887
1839950.0
136157.38
1940112.0
3074624.2
1260557.8
988779.4
1173999.8
605843.3
956034.94
368673.8
1101831.1
1253826.2
2415035.2
2240868.0
509177.75
589053.9
6096072.0
1241837.1
1787940.2
1577743.9
3495695.5
1276098.4
66965.67
22962.059
319871.97
84962.35
36176.58
65456.93
667371.8
867135.3
15640.203
6479706.5
1294908.1
1278921.6
57811.242
58875.69
5192132.5
629900.94
295793.0
674336.2
1623224.4
620318.2
43385.09
1971778.2
377475.03
821751.56
588145.0
522428.66
3398119.0
14638.425
435104.97
177450.05
3052202.5
2509948.8
4060764.5
79856.12
643957.3
33492.977
30768.916
65706.37
27420.41
40527.85
7290550.0
2992371.2
467925.16
56981.277
14103.894
