105635.86
167087.48
524814.2
159645.83
167824.4
463469.7
1781364.1
997284.0
89369.26
10560.898
2437941.8
51922.92
149154.44
1413516.2
673623.0
145216.4
634171.94
716079.2
328723.25
783981.5
28937.658
13644.784
1202032.2
208731.08
1164294.2
569643.2
899800.5
735816.25
1267216.8
457435.62
733862.94
1197986.6
1697708.9
1206651.9
1183267.2
296964.2
206911.75
1780613.4
2912936.5
1188970.5
921839.94
994445.9
2479124.0
988664.06
314559.4
1935878.2
636167.7
1536051.2
193610.66
351925.4
315152.88
476972.28
204779.6
138012.53
7810.7085
1420.3242
1978.3947
