1345925.4
1467623.0
416008.12
1778722.1
3102646.8
1090740.6
672291.1
1610606.6
3561.6946
1560383.4
1105427.1
825038.94
312982.62
3811410.5
575189.6
2745025.8
1442355.4
1368364.4
2489512.0
1060133.2
3679134.8
89085.555
887306.5
83356.234
2053238.5
218083.23
505569.06
237489.6
3421616.5
399876.06
2083469.6
1198816.4
1361344.2
1842248.6
1443834.4
3344503.2
2385848.2
1342709.1
1012905.4
3914163.5
485051.94
479271.3
372081.72
5753855.0
143737.05
502992.3
904803.4
396371.3
1003031.5
2202270.0
738419.9
282954.78
2741981.2
354165.8
2116931.2
89453.14
39192.914
10099441.0
463412.12
81878.32
