965182.75
494570.06
1247249.8
1341928.6
779994.5
82196.21
190586.89
851910.8
6400660.5
1767022.1
1280727.0
1004406.2
829697.25
923910.6
127575.25
1107456.9
1255708.0
784489.5
1359681.4
1060825.0
1657648.2
18792.656
316949.6
11254.13
601177.2
99796.1
77547.445
1715480.1
147578.4
589905.7
140026.19
21335.92
21663.514
14905666.0
597890.75
872355.3
1041748.5
1265173.1
1056626.1
36267.633
198138.05
817030.8
5963067.5
1931504.0
1074239.0
579802.8
1356613.4
1033983.75
22681.6
1027185.5
1257589.4
481449.06
1426597.4
818192.6
17696.768
1631062.2
296309.4
21623.531
171062.25
162867.53
288915.03
1615398.8
277692.16
668742.94
