6535636.0
266885.7
1424185.0
802619.75
1882517.2
1783713.4
856538.9
1934920.8
1997994.0
623681.6
2492708.8
2006805.9
2377931.5
591781.56
2947190.8
1526346.8
1525308.6
1217726.8
441432.88
1803636.4
231458.33
2341670.5
1911709.6
2164560.2
742005.8
2034636.5
132810.05
870488.44
1144410.0
675477.94
4170019.2
4124389.2
1324801.5
2794309.0
4117384.8
696878.2
497383.2
1617790.4
1402167.6
1331615.4
1317098.6
1192587.8
1663060.9
1557773.6
613288.75
1496903.2
1004008.5
323715.53
540636.9
687276.25
1644822.2
1186335.1
1602243.2
457521.53
880738.8
2005996.6
482551.0
4136525.0
333089.16
943175.3
346417.53
585397.5
689169.0
4628606.5
1057512.1
478618.94
766864.3
676670.8
484080.7
254470.53
997907.2
532884.6
974609.2
879853.4
494163.6
227576.92
260517.95
148243.06
