25099.19
330740.84
572446.56
7419.175
618786.9
1107981.4
802874.3
1997883.5
730020.4
2035413.0
14604.213
14651.028
188501.6
669397.1
303829.2
23279.014
21677.568
35226.375
221403.19
141581.95
198389.72
323423.78
19606.059
16325.898
52800.125
444781.16
162200.38
976404.44
2568017.8
1185318.0
3458528.5
1366805.1
518818.5
472749.5
773240.5
2087791.1
501564.9
1709755.0
960316.3
782926.2
2234607.0
2607983.2
492037.53
1364606.6
1063933.5
761839.5
1194649.1
1132822.1
829937.44
546377.6
228319.19
1199630.9
2296193.0
1479226.5
439218.44
515244.56
3117264.2
4004941.8
823463.7
1535410.9
1572851.4
1681018.5
4638141.5
257935.98
1172385.6
781338.8
1213169.6
2981418.2
699392.06
1412973.0
3292297.0
453695.6
1639488.5
1364354.8
458071.66
2208438.5
2062071.4
453073.2
2771896.0
1153781.4
1669022.8
1721330.1
1980605.8
847067.06
1133575.9
2800432.0
2026780.6
1017861.56
735520.06
311926.1
2871065.5
2872804.0
534144.0
1176019.1
1398864.1
388957.4
1943366.4
2059903.9
68474.76
998727.94
177541.0
1625576.8
1545069.6
876804.6
1800247.8
136473.14
1172597.1
899239.8
588922.06
3171161.8
1261321.6
339740.7
319898.72
11246.399
15468.25
