47324.04
235045.5
563058.1
1001702.1
17869.385
1588.4542
976987.7
219945.92
1781565.4
1677824.1
630563.1
7320.5156
923987.3
31731.902
1031882.0
804023.44
6305.347
215648.8
2106604.5
2462.13
2227069.2
181774.1
921624.1
1222539.2
274671.66
112342.29
744189.7
2296071.2
308537.47
269972.97
20188.508
983366.75
1013844.7
2536305.2
32449.008
17017.498
4708900.0
3321232.0
777229.44
1551144.2
451814.0
161722.95
5836750.5
11375.583
7839258.5
1371827.8
1505033.8
519635.25
1093781.6
4430.333
2366160.8
50061.01
864038.44
10115769.0
2128545.8
148853.22
292585.16
8511270.0
1836013.6
7624994.5
12971.792
1830709.9
2105.9487
437786.7
6979.466
2983289.2
2545395.8
809273.8
1380952.9
58229.94
730947.94
976182.1
103718.7
6357591.0
191342.22
251558.23
10023813.0
1049810.4
92221.195
6676216.5
1180742.4
285641.75
716068.75
2820221.8
99474.37
17892.975
6999309.5
122981.91
12142.212
11301.36
