154399.73
196593.36
1538921.4
671936.4
364971.78
1099892.2
597889.7
501382.47
188578.1
328610.56
481721.03
151764.7
551661.25
373265.8
55487.055
653376.7
456894.88
773480.75
552814.75
233892.88
626295.25
68627.555
126428.68
53360.973
162909.23
533897.1
230232.53
553194.2
498716.28
352145.97
941215.7
156345.69
652617.0
105215.87
637931.25
546842.3
286884.38
981391.6
218949.11
123162.086
48120.73
471226.7
247405.2
598321.0
393385.3
559038.44
303587.03
762068.0
416994.25
749408.4
455311.38
1231135.4
842188.9
641439.4
19956.92
48150.125
55029.38
235972.75
9674.952
9659.287
