4812033.0
2280.2388
5289.423
2895.3079
3139.065
243874.2
13038114.0
182985.23
268555.12
674715.56
398455.2
506412.06
98461.91
1141801.6
2376526.8
751501.56
2038848.0
39257.895
361354.06
117980.53
1061232.4
2766968.2
1497596.2
788362.3
223076.22
264396.06
292851.06
1227416.8
188828.98
320731.0
316617.16
113902.13
27788.672
51165.74
35004.832
153140.55
3183098.2
313705.7
1094868.4
29404.732
1133998.6
1606260.0
769056.06
284731.4
281232.47
4164111.2
102978.9
1065924.4
2829248.0
1031691.9
1545760.4
1251759.5
2214976.5
1096949.1
1931775.8
1755124.2
1643660.5
991508.6
653732.2
145818.17
3872128.2
20319.314
4246.6904
11938.029
9488.134
13543.164
4103.373
143271.34
436151.12
83088.88
79453.34
79546.43
76571.984
78578.87
72546.516
82950.3
65903.445
71095.945
67141.58
74455.24
67627.54
410861.94
146058.67
157737.12
