2329.5361
11655.14
15957.332
27494.26
32997.484
62023.727
47853.543
72845.62
70795.87
99626.46
14079.36
89465.75
130368.51
8993.308
3879.8457
3106929.8
7195405.0
647624.6
59369.76
14216.045
113569.45
471724.12
25272.412
24667.22
134707.81
156286.52
32040.47
2433.709
105734.16
67003.56
114483.71
484303.12
41504.535
91843.75
136957.47
337244.28
2187102.8
29098.129
19220.541
33116.105
3030117.0
5034.473
21364.568
4756.4287
2146248.5
6685.8237
4160399.5
5454.3403
14131.353
1901.451
10526.326
2670.7676
10875.063
3870369.5
78783.13
27930.123
805856.44
57955.113
53293.06
1207106.1
2588.215
1897.2367
2136.2603
5510.7627
1791665.6
2682872.5
666188.8
1064056.8
1362464.9
3484531.5
2544804.2
1759213.8
114374.76
458270.97
1542571.5
2788.9631
2726.0464
2631203.2
2678491.0
1551215.1
389355.16
2369550.5
730104.8
1355861.8
277972.97
157879.03
6081010.0
412660.1
450479.88
1345949.8
29255.83
2592653.2
468971.53
637568.44
10054.92
10050.246
1243250.5
49965.086
209027.86
859932.2
2962071.5
2505249.5
784459.0
679276.6
1087723.0
352311.25
13087.982
6840.097
4566.267
7640.8438
8711.73
3318061.8
