715780.6
542210.94
1232673.2
1260892.9
5473810.5
604941.0
734665.75
614385.0
3475962.8
503123.2
9258515.0
118850.87
220523.08
787612.5
1904551.1
68964.76
15740.84
23789.826
23616.457
14426.103
596290.1
284237.8
13149.94
85388.734
155052.95
1094267.2
93479.96
43810.457
50523.91
24268.602
23208.72
3104058.2
215888.12
240092.75
2791260.8
125217.1
112514.42
2143516.8
68520.01
4827694.5
838825.2
91827.93
64768.89
145606.62
5970219.0
945832.1
908088.7
994303.5
4809828.0
2454422.0
2601189.0
140453.11
108611.95
74932.586
22739.53
129088.85
1744983.0
11301404.0
9100.327
20849.783
