3374187.8
4701720.5
1010934.2
2133743.5
1991665.4
930804.9
1642251.4
3659558.8
1525861.8
3111908.0
1589118.1
948687.25
1270406.4
2966378.8
1804884.9
1701154.0
165593.08
739709.3
9068232.0
63009.33
2054515.4
529743.0
3415635.0
905488.56
3092909.8
900172.44
1062385.8
654817.5
1906091.8
1502274.9
2062172.5
502072.62
1457020.9
821710.94
3673673.2
1007693.0
1512721.2
3236813.2
592764.25
9190177.0
2411369.0
2643781.0
2040960.2
241222.36
82259.37
833565.1
785744.56
1139267.0
2069782.0
1120467.6
792566.5
5248832.0
1858576.4
2357528.5
1571573.6
29383.77
