35337.023
26227.666
26036.654
538149.9
15483.051
922039.56
2491666.5
803214.6
1559423.1
1245351.1
724620.06
173508.94
767271.56
1097043.8
1059303.1
534540.5
421465.7
194907.48
1009570.94
1591352.6
834065.2
523364.28
1227004.1
836560.06
271712.56
1545494.9
1151144.8
1144690.2
309156.53
1504752.4
2228397.8
829915.3
558663.6
2163817.0
2071117.8
351790.62
1561648.9
1283030.6
476218.06
686186.1
2128140.5
2693113.0
2665812.8
2761670.8
1159192.0
1138432.4
218051.52
2658049.2
562342.7
1911731.2
1571500.0
704714.44
142832.81
77698.78
716087.6
442733.28
1343699.2
503265.75
1823544.8
455723.72
293458.34
642239.7
732744.7
587146.1
992473.94
530921.25
702101.44
1475070.0
439374.78
1088302.4
732170.44
771743.94
927867.8
116004.77
235400.03
226962.27
11340.432
12312.366
12420.835
12420.835
