39735.844
5480050.5
8892.912
9955.936
265681.88
5042569.5
270126.66
781941.06
1668641.9
261810.2
1623609.5
602118.6
536961.56
281249.34
148076.27
901105.25
2175223.0
1310025.0
552671.5
574361.56
593327.94
1216369.4
246821.77
842668.0
955657.1
1187230.5
588763.06
1554379.4
663453.7
2606494.2
1274671.0
71746.44
836406.06
664412.75
2078593.2
379605.28
827216.6
246031.77
359988.2
496630.6
430220.66
1321479.2
727425.44
106411.07
495985.12
1158537.1
1885804.2
676025.3
336034.56
742515.2
287994.84
911553.6
674483.6
2461434.5
873561.75
594646.94
1044854.6
408896.62
51196.008
110135.88
590416.4
364397.3
11070589.0
1160345.5
717680.9
