993503.56
7395335.0
750463.3
125951.086
4941393.0
7512014.0
463744.34
51921.773
16311.019
523395.6
4749.7144
1359.9556
95415.49
694120.1
4801036.0
366672.4
490411.3
10053490.0
7030760.0
124433.016
8327477.5
4899254.0
694015.25
3001093.0
4116323.5
3596713.0
1076872.2
345875.72
1504860.2
706330.06
1212601.4
6480291.0
1638169.1
331022.47
234193.08
5665281.5
3965796.5
2671407.2
4839746.5
1497050.5
1175422.9
91972.13
477333.5
1981618.8
1371948.0
401198.22
148573.58
11253729.0
1756076.8
1465832.0
3398560.2
3991604.8
1688972.0
1973265.1
512368.62
2289343.0
407096.94
4095199.0
692668.8
582979.9
6788474.0
2720810.0
39790.55
1042309.8
6553706.5
681008.94
7447893.0
221199.73
261069.75
340445.1
577783.1
458281.84
450672.1
787602.7
143897.5
8305564.5
162275.5
183975.28
191715.95
301663.03
218682.62
1495164.4
692.00256
5627.5977
2633100.8
30598.102
21416.162
6307.451
17099.293
9337.044
14022.634
3507.4072
6988.3975
1264.8268
1048.2047
4116.7725
4395.322
33548.855
3545.5703
4275.7964
2630.488
