3733749.2
2592637.2
1654772.6
2144884.2
1219968.9
1195600.4
273664.12
6463074.0
3968578.2
1434620.6
1525396.0
79472.18
1288931.6
2209667.5
2587690.2
7830365.0
281416.6
1271870.1
829317.3
1181471.0
581070.94
1785443.0
541865.2
1415660.5
7460023.5
4698714.5
578709.06
2989038.2
50501.83
2864438.5
220110.38
2637927.2
1327440.2
1063666.2
3205587.2
682598.6
744336.56
535152.6
1359938.8
1158879.4
2159995.0
5014651.5
416861.88
328618.9
1559834.5
2543636.5
1498063.5
1335846.5
1420333.5
1910491.6
244911.17
747060.9
1100885.1
1248598.9
42040.0
45745.617
7193182.0
209972.0
204255.36
170447.22
