69429.93
83277.87
261888.19
170805.38
650532.9
1119496.0
888918.44
22233.18
525789.44
3165275.2
101292.57
36749.445
21316.885
2779902.2
207812.31
230284.52
48895.566
46794.254
46794.254
46981.508
113432.53
74070.68
74354.57
27568.809
3906.1794
118346.03
867.9367
846978.44
113317.15
22985.035
14212.521
38199.305
26364.402
74114.79
8714.069
5164.388
241722.86
249194.89
3541501.2
726957.94
647189.44
470023.0
2831322.2
1663839.5
7086.6904
421024.6
3633.2793
331012.7
1730712.9
365435.2
185647.92
108676.06
518706.03
2957983.0
2450087.8
391739.03
378997.47
96176.5
111427.06
29768.156
6637.5312
26604.41
23119.521
69775.14
80676.36
117271.6
248327.4
834466.0
708016.6
134551.78
77278.625
565275.3
383294.22
187198.36
243537.03
412255.12
473157.34
704698.56
13673.986
2140.992
58487.195
26941.904
141250.05
138590.52
64698.688
100321.836
114786.21
89239.34
17775.64
21793.947
102666.75
300765.44
418861.4
272502.47
3788416.0
816783.5
381516.12
76344.516
565819.1
8496.037
159419.16
524.6192
12614120.0
81230.55
5889.5034
1810070.9
109675.15
158125.8
88698.516
