226518.84
100058.23
9157613.0
438392.72
3571037.2
795334.75
1803801.1
1352417.1
1977902.5
154966.42
3337020.0
284571.06
7746497.5
266576.2
1318512.8
2866850.2
851842.6
724018.9
6196521.0
455951.9
93402.67
83473.805
3698186.2
2855784.8
2172331.8
1526565.9
3382750.8
1844780.6
474631.34
2128443.8
2641143.5
2830713.8
388657.88
1213531.8
1283231.0
1453040.6
849907.5
641335.9
1126888.4
682163.1
801008.7
1517012.4
2200004.2
1684532.4
1462977.9
722931.2
1915140.1
1502882.4
1838090.9
497020.53
4953169.0
1116116.1
178416.38
208030.77
361384.38
2104185.8
652937.4
220963.42
306140.62
543190.8
30287.72
1301647.4
43965.39
38586.47
38737.793
30059.676
40204.914
60618.684
884.84296
