1296961.6
2266523.0
141037.72
2018746.0
1303574.0
2475476.5
1212523.8
983680.7
3276233.8
2547948.2
2221687.0
915622.9
2853330.5
321050.7
976653.0
1913045.2
1611847.4
349122.94
960079.3
3094651.8
271383.12
3951749.2
810457.56
1434569.2
357366.53
1072007.0
4623273.5
1593549.9
1904452.9
1769067.8
1347791.2
892314.8
621681.06
4237465.5
565165.5
4026770.8
171422.94
1571666.2
1449176.6
706952.2
509035.34
2130477.2
601528.5
1002097.44
211027.17
1103114.0
1333143.9
3011455.2
288249.25
663784.5
996364.3
491960.78
1405100.0
2623308.0
1457923.5
1393167.6
1615959.5
454556.28
516989.28
159809.95
232985.83
5178892.0
