83045.086
69503.625
179656.78
422541.06
16934.654
16009.849
111549.89
29657.5
548.09326
1736.4116
534.7757
4047.4084
2810.997
9379.098
48810.613
55372.035
39579.918
27073.22
23970.701
3175.5173
382424.94
14111.562
6873.6606
7370.7227
482470.53
3998030.5
181105.67
1228706.5
31868.975
1347273.1
45616.652
348743.38
620895.3
169846.33
10474762.0
1289513.8
235215.92
150327.23
369878.4
188798.27
834816.56
337595.8
1345981.5
580113.56
1103491.8
136696.25
57376.844
1856060.6
1109911.1
7637654.5
147304.44
389894.7
376087.84
130820.3
233842.12
5476738.0
224620.78
534462.1
328917.5
1667379.6
30506.336
11892.316
11959.637
135216.95
5969.3003
6072.145
