121724.58
469117.8
359826.5
294356.9
168633.7
316536.62
100589.12
330219.28
165537.48
296960.94
485103.56
314676.5
421860.25
773888.06
186320.05
546280.06
1913075.1
853555.3
431034.06
78005.29
167766.58
194706.83
1071334.6
560706.8
454869.88
131845.72
303967.8
367556.78
176553.98
333717.97
426222.38
251906.14
321527.3
157496.97
244245.55
353649.12
195201.06
159496.28
189571.88
268149.53
241681.89
350745.2
431067.88
638103.25
198175.89
279727.6
190818.58
142767.44
608802.4
52466.023
731347.1
548244.25
461173.97
478907.75
146421.2
126053.28
23767.604
50103.402
1469189.4
7530328.5
