3539092.2
3200910.0
1211970.4
137307.33
1958699.5
2077719.4
3306581.5
1483813.8
3573848.5
100178.82
526431.4
1617434.1
20587.854
743934.75
200069.95
1515188.8
383519.1
2255311.0
155195.61
3353648.0
775615.1
3166198.5
421360.38
4649936.5
1923896.8
121731.92
221377.03
827162.7
2992261.2
458912.06
2612603.0
5691044.0
776101.1
1509523.8
1266889.0
926170.3
540362.5
7760590.5
151475.36
1458046.4
2967822.8
4297093.0
2606044.0
1305864.0
568452.25
3850179.8
814093.94
2123726.0
1548166.5
95994.016
24208.996
1823816.5
11472.017
727622.6
13778.551
5266.583
638132.5
