3530.0837
7495.17
3696.4595
6804.114
2523404.5
5285.4854
3756.5452
2791.282
9436.709
2869267.8
28213.174
245552.12
9537.999
8748.494
9487.219
9334.0625
9377.555
9753.953
9374.494
9403.306
114804.12
9358.955
9313.086
6744285.0
74424.62
53492.875
55763.523
44358.39
2226910.8
25660.318
11824.017
2044284.5
5882.9814
20592.027
552391.8
10642.4
110074.57
19629.398
9864.538
937624.56
68418.33
1812263.8
42577.51
49671.25
1020766.6
44804.63
51188.59
45526.055
39350.586
3982460.2
103223.5
528744.7
49713.17
15568.172
3894552.0
14725.681
22374.871
27878.664
10172.335
5847475.0
328791.28
1760363.9
2032273.6
173726.44
153553.73
159267.55
199201.0
81436.78
101106.71
4280113.5
338260.44
379107.25
116940.89
687534.06
573485.6
3053485.8
2023758.0
526073.5
91234.14
249048.02
10799.809
3231580.5
52245.125
52483.93
1847018.9
23956.111
28710.361
24348.617
516188.1
70687.664
58773.613
914013.8
35293.105
52147.645
724971.06
29998.496
27595.713
31920.72
85983.82
51659.836
16985.438
14699.785
17913.82
121572.57
18625.521
29803.38
6023.1665
27044.322
124406.79
8794421.0
80551.42
