8024982.5
1116898.6
2609110.5
514501.47
54836.26
1678070.8
37651.33
104878.8
668437.4
39880.215
20380.54
630809.2
582946.5
705939.8
300273.1
487996.12
1031968.9
21232.707
1462686.8
62572.035
1118749.8
5229.051
168029.9
241320.55
79555.06
94522.2
132740.58
3038163.2
17412.365
753797.1
2009920.9
49814.383
807465.1
58360.03
305323.53
745385.4
290908.22
1241936.9
2570221.5
26931.074
32305.273
156655.14
1395605.2
1235402.8
2342848.5
15502.326
50878.37
66368.375
2122082.5
5773.295
2762899.2
91001.62
845754.56
253364.75
3889834.0
105765.9
1346895.2
221456.3
124802.7
2529906.0
491725.84
540582.4
582225.94
1488131.5
101841.234
1016096.4
806567.06
1199159.2
761807.8
910216.75
503490.44
823847.6
1301810.1
221396.86
635937.2
285977.16
376537.28
398799.53
344167.75
495122.66
1393456.1
1750974.0
326369.12
1041004.7
295839.16
291450.12
1147607.5
1359914.6
361867.4
32325.102
12953.523
1021513.75
341495.3
157734.5
157734.5
