88940.43
43323.387
1597001.8
1814416.5
50764.8
6682956.5
855518.4
394914.72
785479.7
1291640.6
1234138.8
19171.037
57931.562
88494.64
39263.523
47561.54
42898.312
348392.84
47009.1
4546578.0
190360.12
218531.14
350686.62
378149.22
162454.89
492117.28
588903.9
224173.45
1013304.25
119839.83
88880.836
37663.14
69546.02
17467.512
7442.8203
4093576.0
296055.0
229433.5
1427780.8
851280.4
3507120.8
15020.95
606695.6
25021.268
14655.433
108859.01
172715.86
98034.195
88390.95
6692142.0
946863.3
1122958.8
602026.7
55236.55
21581.096
1579320.6
477239.53
560129.8
265636.8
106264.63
