332742.25
204683.39
736211.6
1296805.2
975354.4
267366.5
342811.22
782070.25
1097108.6
273465.66
116908.74
1031625.94
1004882.6
1202518.4
427491.84
1037679.25
254735.38
1544505.1
129332.414
1371312.9
209566.14
1204460.0
303100.47
1495164.0
136373.77
292154.62
685351.7
1015462.06
1738855.6
667497.9
1906539.8
355848.34
121710.336
222873.2
425774.4
427444.5
517454.8
248046.69
222901.45
236992.03
1319989.1
3142.1064
10797.15
19301.564
658.92975
161723.72
101906.73
22263.014
15729.754
115208.7
6483.915
25399.15
104869.945
128516.76
46297.05
639814.56
34680.05
