5037684.5
347917.56
968213.56
117766.06
1407475.4
994916.6
922540.7
533076.94
629279.94
1795111.0
612704.8
287812.62
103335.28
687632.3
424368.7
419698.75
822716.0
582461.1
127266.04
4819853.0
127589.58
11184.837
111781.13
27690.121
17415.111
1038347.3
86869.81
1134154.4
860615.7
711751.4
1273681.5
3182.4863
117041.97
1283187.4
111411.016
1575691.5
331931.8
420228.44
899943.6
3460901.8
57218.215
374796.03
422895.0
567929.8
1390372.1
1491632.9
1885253.8
2064249.1
185783.7
170304.14
1417238.9
1358596.8
2164424.5
1027649.2
41521.566
1103721.1
253966.62
573416.1
108965.16
269040.16
556807.6
157137.89
