1514769.6
977651.06
142394.22
1540616.6
1017101.6
911910.25
403515.78
542190.44
333078.94
1336151.6
105497.08
723855.1
736067.7
421774.5
2989104.0
600193.1
1412197.5
575425.4
901919.1
232340.2
3889388.2
1877105.2
94856.04
524594.75
350830.53
285605.44
175444.52
17584.043
975163.0
442025.66
1639607.8
3025322.2
2057723.0
1604000.8
39489.152
820329.9
3402776.2
647517.25
1058276.8
474079.1
670330.9
2292359.0
3258960.2
1470691.9
547673.75
1871024.2
389803.12
315652.72
2375813.5
1139934.6
4010016.0
704078.9
2723421.0
143353.8
3082498.2
206768.6
525958.1
747769.0
44888.004
774786.3
1954446.1
4323073.0
644084.7
178016.67
1715134.6
1205782.5
64995.285
5050173.0
266964.03
111414.695
384650.12
2524749.2
449676.22
147761.61
273857.4
464442.25
980426.5
206900.88
652456.3
697874.75
34857.05
1676744.8
108513.33
159423.95
533459.25
2298742.0
1430971.0
2130530.0
1094768.2
1868550.9
564704.2
687765.7
909276.2
1031773.25
3489856.2
1178790.6
701362.6
842149.1
174738.08
1181649.2
464393.78
602631.2
1394053.9
154382.11
1841844.4
251779.17
977975.8
2653263.8
379675.84
1125038.0
501074.47
7802234.0
342255.5
783871.4
3622410.0
673429.7
132927.12
