164079.08
1688664.4
2054545.2
4426225.0
1899773.9
1132825.5
1170725.9
67481.266
2060976.0
630378.06
2307347.8
4669687.5
111460.13
1018806.4
380969.56
6784192.0
2424276.5
30801.686
478981.34
460477.22
277634.2
1314706.5
665079.0
3810686.8
3468960.5
1329990.9
711460.1
907389.75
113467.914
829987.3
531254.6
4218209.0
1744791.4
866783.3
962610.56
571586.44
1778926.9
6722366.0
2994702.0
362374.06
1600667.4
2817721.2
878636.0
392795.66
10752758.0
811988.9
269748.53
1711413.6
1652987.9
3653664.2
350534.38
6208771.5
2719502.2
3057292.5
1348374.0
290698.0
6419086.5
375970.44
1093060.2
22762.89
