1397693.5
1504456.8
749227.75
380318.12
1221054.9
1037377.0
1186400.1
717968.94
1034298.3
530947.94
1032269.6
599204.3
298996.4
596026.7
982086.5
882469.56
976417.2
760033.6
154165.56
1509624.9
1031945.75
249643.4
570413.25
490919.1
2366151.0
1082510.0
304651.53
228699.75
182872.66
1944983.2
455242.4
137267.72
60793.45
588951.94
384227.53
1512547.9
3329049.5
28757.355
237739.16
507938.6
609289.5
716365.56
128667.98
657033.3
2033469.5
911950.6
32143.33
3842147.2
1092263.4
1584725.5
1398671.8
1367229.5
918740.2
235737.3
904331.8
150473.44
52108.984
304811.03
8187.3447
12320.733
