124700.06
148243.06
7884890.5
132866.8
411979.06
9489.977
329439.38
60120.367
4802629.0
14390.673
1786038.1
625277.75
392269.06
2250285.2
6557604.5
651588.6
908498.8
662673.44
143280.83
5298970.5
98195.266
190687.8
7007312.5
228425.5
3850370.5
1388452.4
293994.84
463802.3
328641.22
476721.3
72323.484
1572793.9
763408.0
1311247.2
1089618.1
2999481.0
1516388.1
1689515.6
1516162.8
141844.34
12252462.0
28100.062
15251.791
256686.6
200183.78
2401174.0
2541198.0
1817820.2
1777033.4
945740.6
589974.4
759304.3
432521.84
311831.66
34654.555
874305.06
103748.09
122975.09
246632.7
2685704.0
34723.914
447467.5
3933.9822
776685.4
9114068.0
4524.314
4717.6113
4708.781
4589.707
4666.7715
4512.8105
4701.394
4625.396
