304062.8
596035.8
1200757.4
2381827.0
1372609.9
1705611.0
1330388.1
1324877.0
842210.1
192423.84
1731616.8
1057149.5
1877745.6
1029079.44
277221.06
801551.5
2109112.0
978402.6
1379430.0
1094029.6
1740734.8
230896.08
1787797.4
2256248.0
10946.174
58279.113
2786038.5
75665.42
102664.67
198308.3
3968890.0
552124.3
8807498.0
541591.75
711936.9
542185.5
1038713.6
1459464.1
180438.23
671389.1
732729.75
3604572.5
1731893.1
3328212.5
1843736.1
811701.3
3365788.2
11875.547
3034676.2
75676.414
60046.348
3906100.0
64508.137
209002.08
570596.06
2018033.8
2131687.2
353187.28
30738.297
678118.3
48992.37
36611.69
4879198.5
511850.75
997046.5
1554764.2
3711950.0
3116190.2
3141487.8
954512.6
1413172.4
1249327.4
51496.64
986914.6
114418.32
2535418.0
10079933.0
239496.42
50065.426
187124.52
189913.48
