175601.58
426366.97
122133.01
4346101.5
1113301.8
2425989.5
79911.57
2201815.8
671342.0
1793364.8
414400.56
633039.2
1049259.8
2571510.2
918446.6
3633023.8
1906373.1
4968781.0
133042.8
620584.44
715299.3
1563522.8
790235.25
202289.58
3393293.5
732544.06
6769527.0
1021371.8
581886.9
1572641.9
906575.75
3326338.2
814389.56
1282533.4
1365329.2
2221828.2
1682171.6
556281.25
889768.5
880583.56
1628045.4
744828.2
4544138.5
647531.0
466066.1
182407.56
1604543.5
1100991.2
1107469.5
1366391.9
2404600.5
2383245.2
1338364.2
1463947.1
432948.16
3952484.5
1843671.1
1034014.56
82970.83
1023598.06
213140.28
107943.82
8513496.0
1600085.6
3127520.8
1316559.5
1303813.6
620554.2
586297.25
727013.8
3260608.8
1021167.4
1778351.4
4926016.5
2592499.2
1769433.9
566967.6
2089254.0
3214589.8
2108182.2
1987023.9
210853.39
1242685.2
750082.0
199058.55
412889.06
584675.0
93637.85
518193.3
678009.1
195738.75
2266628.2
152355.39
