8210575.0
215832.69
1005339.06
1020421.25
57916.414
7812813.0
1584844.6
761787.4
659530.6
113881.12
9638.719
12642.253
326218.22
28998.5
33071.51
45093.832
1511.104
394138.4
925389.56
144454.56
83163.06
333230.16
68249.164
227.29349
136074.69
1221074.5
1248331.2
514938.9
2249.6372
6254.3213
976017.2
1374651.5
209127.98
163535.33
2096.5618
63898.953
1807878.1
266914.44
55380.92
4338.9136
262412.12
3842232.0
511783.53
389558.62
863874.6
974661.7
1073716.2
1778793.9
177548.27
2870.4883
362505.12
1149326.9
175287.64
836467.0
414745.1
121689.13
1670.7274
316172.4
289118.0
2530230.2
1371733.4
1184032.5
1305384.0
1060611.6
693591.6
2694403.5
23711.203
275759.62
192131.34
145289.58
42807.53
4293613.5
727251.25
392832.4
106405.164
1357.2518
504.0984
1462.6285
408.78784
86431.64
788209.7
