9178687.0
225359.69
57639.01
127354.59
133277.08
187883.73
55547.742
190271.42
90407.1
1310140.4
3981321.5
471150.88
359326.34
375215.62
156368.27
174282.0
160674.47
1216898.0
485922.16
75433.39
102309.73
26258.945
17674.826
13783.66
62006.914
27219.703
29167.668
45955.83
35829.27
1320446.0
54031.574
404117.28
1610332.4
600541.75
160042.8
147566.5
90556.76
82738.11
1460133.8
1174885.8
1419411.6
1615726.0
201834.78
1569581.1
776789.6
128727.14
232174.73
66225.086
46786.902
3038000.8
68004.41
74093.94
145121.19
32734.898
31596.05
29135.043
1831187.0
199552.9
593792.0
228838.56
1663314.4
7194.446
4355.29
130036.63
2668698.2
138564.23
