48568.367
289212.9
148243.06
3126013.5
241053.23
199435.75
604202.8
170727.77
3580664.0
134091.44
5159653.0
60863.02
810490.7
1380677.5
158061.98
1135997.6
4084941.2
2808371.0
660728.7
10044963.0
10724214.0
173055.05
225618.12
1550.3954
1010.4308
504236.62
1212134.9
121432.31
2855717.5
1340349.5
799594.0
5629184.5
182673.05
621335.25
1702637.2
3738754.2
349341.66
887543.9
5891896.0
197632.44
31295.031
2506698.5
361871.5
747989.2
3935367.8
320689.7
20177.31
2334112.2
4310794.0
1960240.9
257636.3
796976.4
306479.8
7087646.0
728565.9
280.7079
577954.56
2596482.0
385417.66
2664840.0
4956237.5
1209498.4
794118.4
1167194.2
374604.78
419414.72
355780.03
327145.6
222909.48
495906.2
687357.0
10632354.0
68158.086
68075.695
