441411.78
5203769.0
1508037.5
3358816.0
18919.25
3245847.5
637001.9
365521.25
2788259.8
487585.94
237211.47
570043.7
1491975.9
1447754.9
3825138.8
511492.66
641172.94
1651004.4
1341970.2
1864420.1
1916627.9
1515295.0
444912.56
675828.56
3435963.2
2573198.0
97348.97
2293911.5
1432617.0
414677.06
12148991.0
76436.19
371074.5
5321203.0
145108.22
4246577.5
1973415.9
1513647.1
660356.5
598170.9
5017134.0
1198314.5
495916.38
2603375.2
1587896.1
655032.5
1871041.6
1401941.8
573934.5
3040757.5
6268774.0
2541270.5
23056.254
2555944.5
7761934.0
635087.5
931085.3
2892725.2
731137.8
6890.267
1425661.6
2153628.0
182899.03
1209821.1
40606.363
6528.2354
2026972.2
