10423571.0
871261.56
1528954.1
2371858.0
13787.457
6518.751
1682694.1
244680.5
158382.02
78698.21
2035629.8
90324.32
50616.496
336759.78
44084.707
2013693.5
51818.938
39854.98
508085.94
20966.527
23357.385
1694770.0
39639.37
73304.88
101287.33
162915.73
815092.8
50112.637
1844423.5
30168.232
70365.79
77894.94
155158.39
364218.66
70813.19
27135.502
1623845.4
48633.117
130335.49
98605.66
204305.72
137905.31
952188.0
48254.062
41208.2
1046118.06
59439.92
71643.89
413539.38
739716.0
40783.637
507991.28
52932.582
24823.28
173636.86
11545.951
167272.61
36252.67
17532.37
16749.309
529353.06
148149.62
