39076.945
304081.72
478436.62
104928.79
446479.22
69491.37
219313.31
490090.78
1418107.2
1108345.2
635271.7
368173.0
427825.72
1884680.9
510279.72
7335.95
495562.03
740605.44
268758.0
489909.12
1099681.5
239892.5
279489.44
98196.95
701341.5
41325.168
11820.554
1800.5131
187528.61
832990.94
21627.78
437979.12
747593.0
261724.8
189344.64
316906.97
371034.62
835407.94
1925708.1
3705103.0
1747631.6
418195.8
384540.62
1571233.5
1228077.9
211523.92
419521.44
1290241.8
406471.9
359167.22
1626317.8
205059.28
116541.69
81344.42
812019.1
45890.93
11597.424
1467.9865
111339.586
196242.72
