1732.2468
1359.9326
735.86835
634.1624
1648499.5
5584.909
5428.2236
4995.2344
3577171.2
34081.44
4652.681
452020.62
167289.7
170360.08
10520.37
9675.829
1284529.8
148243.06
67974.14
41720.01
149893.06
820736.3
4930.847
3969.0896
219998.03
7227.3853
8073.9355
7344187.0
537531.1
12204.178
68232.17
517962.56
74113.49
113519.35
37425.324
70654.04
354898.97
10519.782
92944.59
7441.3535
7570.44
7668.589
2067844.4
8825.655
7951.479
8168.542
7996.6416
2102176.2
37394.03
39578.945
212224.17
585530.4
140369.5
45193.348
9400.76
57681.883
30192.885
44006.215
36805.195
119350.25
277529.1
414437.47
65310.22
101189.12
1605588.4
16753.617
15873.458
19225.752
19062.15
139968.05
9256.688
60942.918
20530.488
51011.836
21039.92
806990.6
390842.72
101705.336
133354.77
2092848.1
168347.02
1352976.8
1046727.3
198038.92
79464.586
37252.586
193530.44
1703393.0
948994.2
1293149.6
502680.06
509818.38
1479730.4
757130.56
8197.473
594383.0
2697.379
74723.336
478546.38
7535.101
6987.463
999786.56
5411.1484
4563.104
3225557.5
4042.8315
1054752.9
