182274.5
321581.6
196492.98
192525.45
601655.7
570968.7
1009234.8
640207.5
485876.78
1056010.9
377071.62
764173.75
91391.74
181326.52
426445.53
80344.11
2134536.5
805029.4
1518785.9
641814.1
1627748.6
81522.41
278737.97
150755.62
17276.955
666161.4
1702183.5
1398125.2
160128.98
971836.25
47839.55
84727.71
890414.7
210812.39
464526.84
711577.75
110600.56
452593.44
447181.44
467078.28
1751963.4
1801752.2
795456.4
330871.62
261157.8
567028.06
226407.62
1507543.0
809224.8
800337.6
1398355.6
669319.94
1020530.6
95998.24
19184.516
14483.886
16375.684
15184.318
15106.281
15097.024
15169.5205
444102.44
84200.76
84200.76
