235186.28
232806.27
226583.08
752654.56
3411606.0
1657349.9
3459252.5
3390386.8
747372.25
69053.7
1300237.9
5673443.5
191067.33
1756966.9
296481.06
5939553.5
216035.28
52335.234
650329.06
5055413.0
1005926.5
1296012.2
808500.2
1897443.0
5689082.0
656603.4
2675744.0
909409.9
500126.78
2760907.2
3451990.5
158400.67
599478.0
524898.56
260559.45
6900201.0
1277770.5
4295783.5
1540089.2
1556721.6
6129139.0
336363.84
1295055.8
34134.883
50397.965
45761.586
27353.512
10019.893
837523.9
497605.2
1152424.9
6050364.5
452564.4
8862815.0
560935.5
1641229.9
7285725.5
1360829.9
1541473.1
37251.305
11961.723
137157.38
870021.8
12998.69
6090.371
1764831.1
642499.0
34655.836
5718.163
16217.8955
27935.893
12760.386
127720.586
146230.2
