177853.88
590899.44
4433592.0
3042273.0
1122737.1
5274673.0
2371078.5
3030835.2
6159486.0
2407435.0
1906972.6
1987449.5
3486344.0
2588238.2
629725.1
15460777.0
1439545.9
1818216.4
1400044.0
1477900.2
565933.56
567972.9
135857.27
1211315.9
3444489.2
2030117.9
1686379.4
6928591.5
168236.61
2477200.8
2041986.5
1643756.2
3114712.0
2180998.5
1888578.2
2818298.8
848994.7
3689591.2
2895293.8
2729013.8
3503951.8
1619788.4
1416968.4
858308.44
1461752.4
3499907.8
1043093.75
594355.4
4050859.8
2983296.2
3825779.0
3939491.0
2153021.5
3683643.8
2008885.0
480244.16
9763.715
18288.607
23564.273
220306.06
