915395.94
740814.25
747944.6
797852.56
2391932.5
5471201.5
3395951.5
1980692.1
1461851.0
526996.94
421696.0
882761.94
623575.1
558666.44
534925.5
1603339.8
92192.51
939820.25
160171.62
3356158.5
34109.496
12249.925
366575.28
170754.25
243943.03
2105142.0
10285.056
371622.25
229094.98
684866.94
2332326.2
15954.632
308457.16
400509.8
276018.22
1635773.2
79450.305
42795.773
79236.35
173096.44
413539.3
266801.4
33658.69
3328332.0
85765.555
2095.0454
8283.113
10695.528
9859.278
4750.4556
4827.68
7324.568
6758.9565
5588.7085
8977.768
8496.494
3260.1357
7546.6787
2624.98
