3072668.0
217044.42
69052.5
68777.35
639059.06
49933.145
30267.215
24076.248
7048.546
20792.732
18710.809
12786.515
7234.421
7011.317
31539.701
529719.9
39109.08
36127.46
765178.25
91734.1
954459.8
21049.518
439151.25
1364451.0
55824.215
36123.773
6616.4136
41626.902
1691196.4
123245.37
51174.02
113610.9
177885.45
224878.89
24820.766
6183.617
29105.193
11600.987
24304.395
4809.595
26730.854
1136906.0
102672.13
1119038.2
288514.8
645249.1
22887.564
21401.555
506747.12
188241.22
284472.56
264255.62
162418.44
771470.9
10305.579
32972.867
335981.97
25873.107
21952.584
9202.723
11003.314
63788.49
64908.617
7597.739
14259.873
14529.598
27270.297
34249.816
43903.43
41302.906
706969.9
273930.97
461820.72
12556.105
753711.06
91881.76
853310.1
40569.64
51756.46
102466.39
74892.24
269771.7
25272.912
1767.4855
1415.4185
2524.181
3146.2095
2857.5046
804.6618
634698.4
