64750.85
3604.5903
2766.3525
1802567.1
983233.94
10916.88
10907.622
309341.16
48451.484
984012.06
4140.4614
15007.989
4834009.0
78769.57
6957.111
96401.14
59814.09
599300.5
1206800.1
71271.2
1860558.0
101560.53
535411.2
340965.12
135647.02
1783186.2
134244.52
1466972.0
125301.07
1426786.8
4944741.0
923613.3
83136.58
110670.99
1332847.5
154449.62
2036428.5
9073.183
8733.426
629419.6
592469.0
2593128.5
15385.88
11960.529
12030.19
336838.28
598191.0
261757.28
2076853.5
11044.262
12688.096
14527.312
1614782.4
16361.303
66715.91
46000.707
3200660.8
1123691.6
573758.0
26130.717
37544.477
165709.16
213271.44
1572086.4
95574.945
56485.324
992012.94
78240.83
102579.14
95532.55
2311713.2
297165.12
474958.53
78681.79
906965.06
566371.6
15549.761
242948.66
576676.6
146453.88
1383962.9
51766.188
119284.78
27237.451
150376.55
25955.389
482864.47
10333.062
19773.637
13495.573
108610.09
18438.475
838049.25
368591.66
153440.25
82497.836
45872.426
2652348.0
5342.8345
2885.2988
1889.0697
2346.9795
1139425.5
10919.669
21911.889
