7385439.5
341681.34
345061.0
652827.7
9849.752
139737.83
2438647.2
105317.914
1192129.0
800793.3
4652406.0
8694731.0
107927.984
867824.3
1874509.9
968134.06
466108.97
1227734.2
6701.0947
1300690.6
25132.758
2253685.0
9562.115
573658.8
26309.824
443235.5
527243.44
1158093.9
523559.1
146557.22
2017833.8
3146343.5
100942.63
410900.2
886043.94
32016.53
2137512.0
339167.56
942149.6
462418.78
6604.98
43773.867
5610837.5
2050999.8
63706.83
266861.53
904450.5
45821.75
213786.05
18128.926
29746.035
535151.1
550283.06
4620286.0
521359.44
229992.66
27279.592
298193.1
159417.4
27716.629
404445.4
50492.82
8997.021
10250.813
11965551.0
481.64032
