66043.375
113362.016
172250.4
388239.72
257680.61
1041667.9
1094284.1
1069226.5
1107773.2
771050.56
3592145.0
3335300.8
481225.47
2452629.5
389572.88
1357850.6
1174045.1
600436.75
672129.75
321326.12
576032.0
2755963.8
749624.5
4011628.0
621713.75
3910372.8
353071.66
1562300.2
560006.44
1822312.8
908334.2
659876.56
1117837.8
2332352.0
631751.06
198919.6
2364312.5
33782.945
1544671.9
2654926.5
6444727.0
937921.56
1232266.9
2496488.0
4349521.0
205200.73
1493491.9
899718.6
3814280.0
2278365.0
471387.53
595335.6
783059.06
89974.08
24325.576
1617492.0
401646.2
29899.078
3505.1914
925.7199
