148243.06
4227369.0
310756.9
126004.125
3257897.8
22132.852
524460.2
8082575.0
604486.8
107451.67
150047.28
77348.44
112710.95
251366.66
29588.438
293090.44
1501724.1
6380341.0
987745.25
221397.53
673343.4
157834.72
44463.656
43864.81
29689.752
6155433.0
1293823.1
42785.19
5761398.0
48193.2
853468.94
125861.94
642345.94
3056474.2
1211061.2
510212.88
646339.4
266292.7
582722.9
146872.2
5144912.0
188906.0
1163961.4
200386.38
3335358.0
1583146.9
2002778.1
56230.89
90088.9
58754.15
71098.02
1331711.5
20750.658
21230.451
778006.1
399720.56
417955.53
2551336.5
4798368.5
244316.2
2316859.5
5310435.5
190077.9
148243.06
