5327.967
6224.7095
7072.572
6956.47
7240.588
7145.7695
338172.22
8801.846
11527.607
9555.626
79307.86
25111.533
206641.06
135462.62
602898.56
54491.37
11992.687
18224.514
20389.393
17588.941
12124.947
171419.44
46808.605
24309.467
10324.41
1287456.8
148243.06
148243.06
210253.69
122018.836
172091.61
106707.4
77630.51
298216.38
608455.1
49639.523
52677.258
25003.504
21013.441
18338.766
6156.3755
4209.365
29244.244
39491.72
1150995.2
436343.38
27153.227
59136.973
68141.01
342848.1
120045.67
495696.8
115199.64
282411.78
135918.08
113285.45
147457.52
49225.887
2374461.0
227257.23
171263.66
1642204.4
84326.21
387599.94
193538.83
121238.44
2496873.5
388047.5
441265.97
121706.51
1872737.6
397977.7
620866.94
722312.9
352875.38
1176942.8
722606.44
1535659.4
1631451.6
355201.47
67351.82
474215.88
1104636.2
1348591.0
2129407.8
1381063.5
130432.37
1011525.0
1883010.9
369131.44
907542.06
748902.56
3773593.5
408536.1
390977.22
1524076.1
1549426.5
762603.4
554686.5
1225337.6
626022.3
123579.4
528030.4
53795.613
719082.25
127243.46
603855.1
1386861.5
1181876.1
1212523.0
714999.1
256351.81
87809.305
81489.01
661202.44
78555.27
