175248.95
2139940.5
2318440.2
45473.543
760435.44
562213.25
167954.52
184003.94
1798588.4
6401724.5
22885.414
13713.544
1415222.8
31426.627
8443.004
44156.25
16311.022
47907.23
82103.5
423174.47
2486235.0
47942.24
117245.02
1069855.2
8238.732
34704.914
42070.99
96759.45
163510.97
6265357.5
130563.13
88454.28
13834.701
1135158.6
1900257.2
691791.3
277489.22
74469.33
59229.49
107931.8
1078733.4
137251.39
6087.678
5891.703
352068.75
4929741.5
108896.4
862227.6
615737.6
79908.984
463013.66
138251.72
430177.03
221271.97
221823.3
158473.02
546950.1
391945.2
1367361.6
487572.4
783285.3
1170798.1
1993985.6
1695.0543
784.5304
1359.0015
827.2991
840.0775
921.292
6919050.5
82499.02
595317.5
1377065.4
1196720.1
180070.53
