223230.52
859474.0
1578432.9
1527373.9
1329955.4
2035662.1
4298027.0
882788.2
1298755.1
1213639.5
846062.75
234434.55
3507471.8
2172638.2
735383.44
1353158.6
998814.6
586116.75
849141.9
1131871.9
2168974.2
924409.5
499894.2
3506826.5
1067106.1
4453539.5
4529697.5
212373.52
4729728.0
609554.2
736631.25
856462.6
27937.389
454501.25
878526.0
1252038.4
3377625.5
526961.0
1641232.0
2391254.8
666435.9
2413311.5
911222.4
586029.8
529962.56
830025.2
1674716.6
927852.56
868205.9
2893714.5
1314297.6
4024608.0
1018806.25
1316079.0
2537455.8
1765471.9
1935227.5
719571.6
2145448.2
564697.9
1165482.0
726790.7
3596728.5
758404.5
761183.5
2684935.8
2110103.0
1960031.1
1211380.5
638613.1
2896207.5
2021968.6
3070953.0
471360.22
1121437.2
1897199.0
2082044.4
837308.4
1378969.4
1432249.8
2526205.0
2187568.5
29946.44
352910.22
2217060.0
2759993.8
219378.7
3628682.0
74426.016
276475.53
212821.78
76905.79
7116842.5
702042.44
414055.66
283047.75
466962.72
294862.38
363953.78
352346.1
290932.03
