337242.16
34910.617
2580622.0
24465.367
10573.0205
21722.285
1995978.6
100366.34
572267.75
3171293.5
9982.955
10938.979
29584.531
557106.5
92933.164
354225.6
5147270.0
2770.3733
525804.0
4312.818
3535.2544
3594.307
2187866.0
1314078.5
5475.843
2032249.6
4088.0317
668009.8
26362.234
12810.233
1106726.4
3949.216
541817.56
990.0813
1123604.9
7433.5312
6784172.0
7531.543
169876.36
1918835.0
29800.467
20293.562
17328.525
1990407.9
701535.8
18469.096
12546.545
2470134.0
525050.4
349049.62
1033254.06
342807.88
2659262.2
1733526.6
49840.453
116864.945
286479.06
929448.56
1137628.6
1492935.2
2603565.5
217122.2
237308.1
265166.44
1276160.1
146987.47
134345.3
162444.73
388572.47
227606.92
589302.8
664042.06
156661.66
283841.4
1297709.9
24346.525
2402967.0
1059899.5
6323591.5
551859.1
4636721.0
11245.343
17002.877
47432.55
1101358.1
829873.7
775128.06
96391.88
177873.64
18331.64
17481526.0
8597.571
8955.118
1635.978
1648.3583
1638.5273
1638.5273
1635.978
1636.0299
