87138.39
2326976.5
30916.262
62501.49
20594.57
2259465.0
2100728.0
42340.793
61716.293
2405832.0
2827010.2
1057021.0
2236850.5
775544.44
1908042.1
561622.75
2684634.0
4382866.5
1304145.5
3091960.0
944966.2
2428536.0
1826839.1
234400.28
731806.06
567794.94
72414.21
4558706.0
391484.62
405287.53
1415861.2
1586665.1
2145110.2
1177485.6
3467064.5
393390.22
1613370.1
661138.2
58757.766
1959556.1
311168.16
2802725.0
1539851.8
2009761.5
1078727.2
1236006.1
2226091.0
1970491.1
1910794.0
2976045.2
3912523.2
5272415.0
550846.6
408770.56
606981.56
1053582.1
478596.3
5474252.5
2119037.8
2819888.5
2684474.2
615157.4
451269.0
75958.25
17399.229
199683.98
146729.11
198029.75
37406.496
2821174.8
413139.66
254037.52
1127980.0
1631683.2
1104048.9
536173.8
1580844.1
2562611.0
3895564.0
1462563.2
2181553.0
2473842.8
1927672.4
1893981.6
601174.75
458871.03
1142907.5
980079.8
192046.42
216979.86
485469.97
111312.805
91531.336
532631.25
1604031.2
38412.855
1658206.9
