7322529.0
423177.78
1727231.4
1193325.2
141729.4
157741.69
345572.66
289407.84
55428.54
1072864.5
2624345.2
95617.88
66860.234
1293595.9
2877891.5
845679.44
1253349.9
176701.16
243029.72
97650.67
22426.443
87443.19
6739854.0
42797.016
236452.95
360627.03
761547.3
181381.92
59159.074
210070.92
306352.03
139160.28
1156531.6
123538.984
2782721.2
3481.1946
6698.2666
17612.457
581521.6
109125.03
130475.0
2524879.5
989505.8
619676.44
150839.1
1200971.0
17085.28
496065.84
98194.34
9073.077
213259.23
3331128.8
1044575.94
575037.4
51778.355
264840.6
1568241.0
116979.984
3652514.2
1457.5382
2700.4048
2078.3882
29171.158
1253458.6
663436.2
561503.06
257581.88
4484312.0
1425959.0
3560969.5
678354.4
229631.67
1420631.0
323008.84
457537.5
110386.805
79207.484
132010.77
96737.305
195248.78
369833.44
45468.87
41291.465
304544.94
703380.75
37307.65
12891.009
212479.88
350802.94
346509.66
777045.4
647391.8
138965.75
138965.75
138965.75
138965.75
