2392063.0
1704684.1
465287.6
148243.06
2651359.2
85141.7
1248893.0
1589666.1
70630.99
2870398.5
1936157.2
1391615.8
46677.402
841179.75
1776221.8
393384.72
2110024.5
670737.7
1033865.0
62511.156
856917.3
81945.695
1578509.2
38205.383
1201773.9
109628.93
2662434.2
131629.52
1188907.6
42549.84
4442463.0
1053881.4
5089576.0
28378.488
6729.247
1699251.1
134958.89
3418624.5
22522.84
9429.814
1209236.0
97450.516
4377764.0
237592.77
2322221.0
523948.03
114576.13
23680.23
2229451.5
104534.164
93702.914
2076799.0
240234.9
1947026.5
4042666.8
363974.97
365815.97
715110.94
23392.627
114027.91
453416.88
127450.64
792269.1
354239.72
190895.78
16046.516
702.59485
209634.2
242176.23
145010.72
143418.33
78459.55
97629.14
3104262.5
179924.17
148243.06
3974089.8
456130.75
267711.5
364741.0
321366.4
421206.5
295362.16
355134.75
515948.12
344548.16
386852.6
9175.442
9089.19
108717.55
