9151562.0
568590.56
459697.84
2640091.8
626964.4
1533484.8
993372.75
500919.53
642112.7
280069.94
712457.2
913386.44
324395.5
757012.5
2001485.9
1873538.5
1737597.5
1139908.5
198385.08
468638.1
1529236.8
832653.6
463873.8
1124057.5
940379.5
1755079.9
2003513.6
1896643.4
1761556.6
578327.94
1142020.4
191933.1
1647256.1
1002303.56
115121.41
544183.5
2216995.2
2198796.0
214109.47
2666388.0
448431.84
1259235.0
833768.3
3181994.0
1105303.9
956386.4
1979609.0
2542669.2
909900.1
1586143.0
1447473.0
774329.3
1697180.0
445091.5
1085776.4
503053.2
214561.23
586066.94
206788.05
226918.64
328049.28
138271.8
138271.8
