16339687.0
446775.3
60189.99
346526.28
659508.1
942247.44
972022.25
6366379.0
2585794.8
1578289.4
3817463.0
150504.55
63403.203
9701.312
654665.4
112043.914
84802.92
433305.66
2439939.2
2571937.0
183263.28
177366.12
58652.43
640987.06
1606089.6
489905.38
277165.44
527985.06
86604.88
115213.0
1722759.9
1633551.2
1286493.1
694967.5
305116.75
2930393.8
202042.27
364551.75
962674.2
559315.4
234169.66
308381.0
451992.75
184508.55
277415.12
459892.28
494224.03
542000.56
4013259.5
2793936.2
178299.45
12747634.0
15883723.0
9973.565
2761503.0
41079.695
18587.451
206622.39
13526.574
3915.1028
323333.66
