389762.3
1458493.8
855306.2
160845.34
471820.88
939337.3
343117.78
648941.06
1120805.9
41480.086
2494033.0
237966.89
1569858.2
248242.16
800783.9
599992.9
3684830.5
619546.75
501705.53
955235.9
1043451.9
191963.5
763792.44
968492.4
785632.3
1835986.1
898655.8
816040.3
476584.8
172836.75
2737407.8
859931.06
418131.84
1415312.4
1881589.4
1252064.2
2015444.1
2661991.8
2711258.0
1394224.4
960553.9
1130276.2
777102.6
320506.75
4045890.5
1720584.6
1385092.4
1305401.5
483486.4
793277.56
882312.44
2543416.2
57001.58
152425.3
1828300.5
385014.56
698115.1
761647.44
70897.875
21946.207
