43593.41
92833.01
143948.94
102632.45
525224.8
244853.67
264426.03
44806.19
194483.1
418252.7
1520745.9
70222.91
728064.8
442523.88
262745.97
296047.16
453521.7
620184.0
1898437.4
1096739.2
716360.75
970126.56
3975278.8
1225848.2
318490.97
373503.75
423355.75
487533.12
294770.44
379800.22
974006.44
900224.8
815648.8
505627.44
430429.9
494319.03
51665.055
80566.1
276068.0
578463.75
993662.75
96168.97
215091.31
727032.56
1442633.4
1410476.4
244626.72
94165.96
645754.44
130086.56
222275.62
131958.31
123257.06
242570.86
24581.371
185831.23
30510.36
31605.338
654.6227
3036969.8
