76555.13
6559126.0
52546.473
62429.32
82290.164
83107.695
81616.766
209383.11
106525.88
144722.27
78244.055
52903.45
24371.973
31823.85
37592.96
48014.44
17142.459
39222.71
13275.807
3312090.2
18786.15
13649.938
14887.704
14786.003
13659.244
12770.949
20422.342
17452.205
16089.727
20233.69
782560.7
58195.273
72028.15
96591.18
115197.02
100021.57
97258.62
58864.59
4449123.0
301844.03
825814.2
664501.4
144602.42
89602.875
43362.508
31232.697
2084.125
17972.2
2300673.2
34163.86
108382.3
62865.566
123876.484
145749.03
83850.99
337955.72
101781.89
138981.05
171568.73
3952.2117
4030.4578
4731.8364
6989.879
2691.3657
2230.5376
2048.1858
2999.7437
5388.1484
4523.895
7033.612
3788.4224
6480.847
1810.6533
259989.19
2541296.5
1474226.8
7972014.5
3903712.5
396660.44
184037.34
84731.53
32052.797
2085.705
10303.367
27377.846
1733345.1
4407494.0
54123.734
52597.895
59087.58
