2823536.5
14312.103
5599.9834
17085.66
15096.859
480789.1
32943.375
1191417.9
5938.3164
3241.0386
1353.7242
4665.9854
1573.736
7082.894
1279218.9
20306.064
7337.3438
15294.244
15662.897
3816.5564
18030.234
31100.592
9123.13
24688.916
433128.03
40525.0
46952.914
484367.03
154313.7
150180.67
3713371.0
6637.935
8956.617
4869.133
966272.7
9432.049
2931.7524
10292.238
4823.63
627503.44
7392.038
6458.863
8595.247
4586.6245
1252504.1
20483.645
16334.785
17001.74
3184204.8
30217.83
24510.326
30807.547
4254.832
9348.986
731171.75
29413.006
436493.1
128206.91
158747.61
1177486.8
16319.503
96814.55
149808.77
2366437.2
51612.207
1450199.4
22251.414
20649.793
319178.94
46457.395
58694.402
834285.1
447739.47
114006.99
1523035.5
351830.03
800081.4
24864.818
99648.914
1032319.1
22607.0
7805.184
8219.731
9315.32
6682.8833
7630.4443
6334.9307
342679.47
147585.23
