3711515.8
9116824.0
1133603.5
807033.9
316449.62
288635.53
8579602.0
6662942.0
1400196.0
516574.94
351429.06
827165.06
532231.44
1627299.0
196821.73
727042.5
2663993.8
2832822.8
1431384.4
820808.5
2429140.2
1355626.0
1414125.4
1014061.75
1800159.0
926031.0
4601143.5
1297920.4
801442.1
1158506.4
2250207.8
1661853.6
158341.3
555063.3
1171642.5
253057.08
943886.2
265891.78
231820.17
151119.81
36559.73
92309.625
408934.2
201037.25
344111.75
366618.25
517959.2
507737.53
55622.953
4786.9595
4306276.0
13824.273
534756.2
1582005.9
4781.133
4120.169
15304.78
89999.78
1324.5596
897.8347
990.4671
1380.8497
