23284.197
53413.793
3040222.0
20866.264
1086431.8
173609.3
2973866.8
358361.8
1275756.0
259837.6
737709.44
4535038.5
2142788.0
805178.6
1223927.0
7622657.5
83571.47
252946.98
4959504.5
1363508.1
2020526.0
960884.75
1213477.8
2378155.8
2302411.5
743627.94
1070278.1
1177419.2
304127.16
860487.4
197844.48
3225684.8
117511.64
4850712.5
958077.44
1554192.2
247594.7
76708.14
1222071.8
76340.36
989328.0
748079.75
1598300.4
1518559.2
2315026.0
830458.8
4175448.0
2057687.6
920583.8
353759.44
5717382.0
1324723.0
1642648.1
3491612.2
4179420.2
2883587.2
3034.5693
44637.51
6646.799
1657.2766
