870370.7
272012.03
120926.7
360703.0
722277.4
409131.94
1467203.6
1055880.0
992874.7
1813149.9
1011093.9
144278.42
909446.2
160532.44
206708.42
978348.8
229561.42
425030.56
931041.94
200276.77
79818.34
261537.56
304277.28
1013327.06
393586.7
355699.9
139276.73
959113.0
273354.94
719681.0
1138221.4
992138.56
1617528.4
1431266.2
3335005.2
169894.5
236979.16
358874.56
189125.42
600507.9
314721.72
1560090.6
427018.1
205153.58
882705.94
1023585.75
1506806.6
502677.62
2440151.2
1460933.8
77094.48
897768.25
137958.66
181941.12
1685507.4
1227458.1
349300.44
3563.3047
1653.3573
580070.2
147972.8
