255094.33
397175.9
401723.84
724883.1
704261.25
1496849.9
5142499.0
237145.48
1545672.0
950552.6
695058.4
1301554.2
496199.28
193710.69
139678.88
256832.92
55011.52
296784.62
162508.94
269845.3
324914.66
217966.06
405798.72
1154284.2
298742.75
645143.25
991201.7
256997.52
157179.11
746388.6
1264473.6
917708.8
252017.94
226320.33
324637.34
122010.91
210633.89
657771.9
567809.5
260173.66
1970381.4
362232.06
675007.6
320966.16
1272608.0
471390.94
676545.9
377260.6
288655.22
281267.8
503888.66
61424.395
559915.06
3273829.0
35244.29
99220.11
729547.75
575869.0
575244.6
986958.9
287429.6
84878.945
356127.47
4910.322
29287.64
9176.079
76104.055
11063.242
10120.607
5606.603
