16170.295
14033.339
15567.32
15121.519
147840.06
178695.34
17651664.0
1217395.4
409695.06
1284640.5
972473.06
796176.94
714432.8
66171.164
2051889.5
1457665.4
423949.44
4063036.8
1182722.4
1009512.6
5340222.5
2077748.6
5876063.0
553837.25
5356301.0
1055432.4
2665151.5
1016646.2
2472730.0
710473.44
688811.7
2264788.2
6682675.0
1152519.8
1947960.5
4908449.5
10156464.0
676438.9
1140699.2
1188386.8
934035.06
2185076.0
3173102.5
3180568.0
82032.72
4343461.0
1089013.1
2818111.8
2927094.8
3207721.8
2646608.5
12826480.0
3064922.2
863541.75
569788.5
1746280.8
1244728.4
668780.7
125892.59
2683152.0
386172.0
1720801.5
994402.8
137628.16
20891.668
13689.817
615774.4
177308.17
