2394944.0
236539.88
490691.97
108678.55
124052.48
326805.8
19023.354
18286.9
351192.12
33315.785
64461.043
17529.639
3675.5571
1234027.1
199407.48
71560.11
24172.646
714794.75
66394.09
568487.4
186629.62
603106.5
493998.28
922769.06
21530.922
26424.771
11390.669
8535.273
8790.433
25342.572
12551.406
20098.797
1623974.4
3100897.2
428809.22
2888432.0
351681.5
941524.7
1840881.8
736354.3
45942.594
40503.953
46070.992
43677.45
17504.537
17740.139
21826.947
34825.08
19110.562
25919.543
9911.995
2285343.8
188915.31
915289.7
1243288.6
1729378.4
1957311.9
22583.672
26787.463
31125.406
14686.969
12211.406
45247.12
59505.363
40229.445
419847.7
18853.967
66704.3
68364.26
8637.607
100090.48
308329.62
1568966.6
