930.94946
445.9243
927.2494
453.0706
2026.6412
1756408.4
94263.914
89997.586
378101.72
1860407.4
67211.305
11425.264
628524.2
22865.54
4799.7393
6233.013
1497849.1
1325643.0
124769.07
869825.75
1794357.2
2668831.8
34270.633
121807.05
1188867.6
25628.754
3986.397
18374.367
1212547.1
61835.652
30462.87
20628.752
41820.113
2432660.0
20824.59
881030.44
496938.56
5189353.0
16602.715
273495.78
27401.195
1370936.6
15800.499
13291.697
37580.426
1542608.1
16313.529
13395.25
1474635.4
70036.484
31746.402
1874458.9
6335268.5
887673.4
1399062.9
933013.7
1146961.5
19689.338
3038.2903
1102.9702
2699.9836
2655.5637
632777.2
35436.63
25626.924
4082.835
5264.4214
569.2075
1963.4238
2292565.8
48393.12
82144.67
997801.8
270444.22
188533.8
1678522.1
30308.28
1108917.5
7113.561
13604.571
33298.38
8760.549
230268.52
4372.818
4832.147
4062.1184
5245.939
1212.6494
578.16943
843.66724
