7827.803
188798.98
106030.24
402575.3
639031.8
1043169.7
2900.7942
730442.5
372380.75
200543.56
962778.4
606682.4
1103733.6
432842.56
287445.2
157839.94
208313.06
585149.44
557517.8
1320619.2
843067.25
462559.8
339861.38
483537.8
6058.8374
1010796.9
304729.25
1397741.8
705737.25
799675.5
818927.75
1439708.0
328040.47
32303.238
836125.8
590246.0
54732.97
295971.6
81507.03
768120.75
1165485.8
17461.744
27018.965
67833.14
1118026.0
802093.8
50094.473
4164575.5
131079.72
598298.1
148243.06
148243.06
148243.06
148243.06
148243.06
148243.06
148243.06
148243.06
148243.06
148243.06
148243.06
148243.06
148243.06
148243.06
148243.06
148243.06
148243.06
148243.06
148243.06
148243.06
148243.06
148243.06
148243.06
148243.06
148243.06
148243.06
148243.06
148243.06
148243.06
148243.06
