10233275.0
963986.6
2688708.2
4452922.5
551469.7
3662721.5
30869.355
997479.2
4969339.0
2505087.0
1426576.0
3351117.0
857805.94
3324332.0
1196664.5
1885942.1
1160967.1
1343728.0
2137613.2
2222667.2
3796858.5
1959742.9
1045197.06
3033030.0
2286784.5
2507898.5
348757.2
2814295.8
586062.8
1503955.8
1402148.9
2424886.8
789780.44
1020392.06
1398121.5
3558682.0
538239.56
1832818.5
487444.5
1110422.0
235600.75
902807.6
2401030.8
549444.3
1940152.5
776941.1
858753.44
832956.06
1830477.8
1267591.5
1208440.4
1133913.5
1763643.2
1202083.8
789905.75
1368741.4
475012.38
1143549.5
1322337.0
741567.4
29319.432
2430395.5
1124420.8
609999.1
433439.7
1576927.4
2110519.0
327107.78
1617599.0
808881.6
621199.25
574445.4
1782299.2
3016901.0
2633927.8
170701.11
426422.2
1902955.1
1780839.9
176937.95
163190.4
2184401.5
55912.14
8618.512
1491207.5
159380.27
57735.953
660907.7
3046.7393
7681.983
1273.3032
