694982.1
10487.469
35375.254
208001.78
354807.84
586385.0
488778.06
1247056.1
737706.8
24829.043
1095849.4
1316045.6
212827.7
613343.8
521430.5
2975930.0
595165.56
213803.44
658343.7
1064442.4
1365521.1
1627029.2
362714.0
1774251.6
1645408.6
1235593.2
565038.56
371541.34
10332.908
37329.9
584786.7
785571.5
633816.4
431448.3
389849.0
239061.55
432849.72
887576.75
853623.3
251766.16
1574174.1
93183.516
927892.1
1297667.0
3560.3518
2435.2957
2510.2288
2054549.5
137724.52
25310.842
331949.8
159117.98
13799.12
244314.39
245242.25
165176.1
121784.51
90702.59
26584.959
868733.25
433961.94
578063.75
30596.084
13335.898
243791.22
304377.7
54163.836
8167.095
8201.287
8139.529
8272.864
8158.491
8191.4917
8529.871
8183.47
