3453782.2
349401.72
567846.0
1890507.4
749679.2
397410.56
3753544.0
2298500.2
1348656.9
579197.9
1795895.4
1495311.8
1057727.8
1506557.9
2436425.2
4242737.0
1918522.0
547532.7
223929.69
3101692.5
47870.113
5363339.0
801204.75
1370746.2
3067247.2
2118988.2
2927319.8
1278794.8
1079193.6
359016.2
4285463.5
1209823.9
1373155.5
612305.5
126819.94
438431.28
742432.7
1004815.44
488890.0
1290407.9
8805350.0
407706.25
781109.8
811722.2
2557502.5
2706256.0
4091410.0
1040121.44
3645872.8
721963.0
762763.25
181647.55
119367.91
1699743.6
549759.0
1890671.2
127320.055
77302.59
4649.9365
178720.44
