558010.7
2838197.8
5559971.0
2660845.8
3403890.5
3718135.0
946034.9
885792.75
712071.06
592880.5
771373.6
90654.49
195361.1
168714.61
553486.5
65531.977
1902272.5
1028236.8
586707.0
1939259.8
1899380.6
421680.22
822356.7
592300.25
119245.02
7762130.5
498351.78
1489073.0
333173.16
1943495.9
694488.75
892047.0
146201.17
205501.42
900835.1
1093330.4
293641.47
1032765.4
1458255.8
1353051.6
983954.8
567872.4
610962.0
545419.6
262829.03
793104.0
609763.7
487974.84
2210523.5
2245074.5
5971632.5
1469989.1
304350.72
1372043.1
3927644.2
621460.94
133645.38
8875831.0
1331996.5
609916.0
696441.0
1066006.1
25760.273
299993.78
1691865.9
