6008.092
15496.812
5920.697
11279.644
11965.873
36802.516
817310.5
140038.78
130518.33
162255.5
1274325.2
85967.62
120554.38
143667.23
459350.56
69956.28
2354.4478
64774.64
283364.47
591258.7
325379.75
524499.2
1392940.5
771668.44
577312.6
285785.4
176503.53
1003874.0
486020.22
421146.38
457648.75
403263.88
605342.0
166485.97
478949.0
697410.44
497945.94
1612432.2
59254.957
520021.78
545661.75
258963.89
108526.86
448469.56
292169.5
611014.2
158921.69
120726.95
163993.25
415854.7
216519.98
583435.56
441845.03
383364.9
151643.58
413536.8
833147.9
748621.4
492620.56
275673.72
96153.25
446367.3
140017.23
144195.05
406420.25
710589.06
460512.5
472860.0
45179.324
45475.42
116620.38
37070.2
88303.72
1257098.9
367196.53
52418.715
1394377.5
1314630.8
5859.339
4477.3696
3780.1616
1191.0736
4112.6284
2734.9468
3358.722
4251.8145
4047.1365
4522.759
5807.265
8109.518
4019.9976
3318.3965
