927368.44
954957.2
1966270.1
769744.7
585247.8
559363.9
2159591.2
992922.44
5870776.0
2001511.1
469722.66
2254907.5
1323071.9
866969.1
690869.94
868053.94
1385365.4
806450.6
1135417.1
125119.24
2339168.0
3571517.8
1573714.1
2323590.2
130821.82
804726.25
943066.8
922915.6
1490279.8
961578.94
1192309.6
716194.3
280917.34
3642986.5
289888.38
829196.0
3548837.8
2772858.2
1399256.4
1899207.8
522012.28
1560920.9
939998.8
4436836.0
627206.8
4264011.5
525875.56
639649.9
1750798.1
7387910.5
1555913.1
2048443.6
1458088.2
6073067.5
360317.38
5410930.0
1856126.0
167534.12
1539800.9
2361172.8
224651.84
671634.25
461291.94
335826.47
567432.56
469412.6
202166.12
1269888.9
1954161.4
1311807.2
497618.47
2036843.4
1979966.0
295317.78
1519854.5
832017.5
2285245.0
557742.2
1504770.6
3126165.2
3624214.5
2072817.2
41061.344
4861177.5
288527.97
643339.7
433663.38
107890.09
53722.367
24403.658
