18718620.0
227254.88
145198.88
66860.1
14587.03
624080.0
73951.93
2198866.2
458746.78
1209549.5
262349.38
281009.34
3309989.0
758959.25
1103979.9
222307.39
239959.4
29583.8
4106545.5
668083.94
3213439.5
1112393.0
255377.73
132555.55
89434.875
43592.01
61508.105
2641467.5
61933.797
2384912.0
159906.62
77978.695
438277.3
49005.13
436546.3
262565.47
59900.758
2702817.0
79798.41
262418.44
278253.03
145960.88
169124.97
86394.2
122687.35
1569545.0
133751.6
2224464.5
139600.22
2048847.5
101982.64
45674.508
415675.53
55786.348
744941.9
2474650.8
35790.883
35267.746
211252.34
2619218.5
288614.28
