9236.078
234941.67
124049.125
36077.86
1400581.2
1455758.8
114230.164
101214.86
467909.8
20790.947
104316.57
859019.8
1558148.6
91959.96
148423.2
206283.16
616451.44
1658666.1
75826.234
12556.276
78067.914
20472.354
24332.809
28807.768
30700.72
88288.32
426274.12
1220234.4
385633.6
21461.031
444409.7
7497021.5
8533.389
4843.5806
172806.4
4661720.5
1166580.0
314613.88
2889983.5
841460.75
3992294.2
1190331.1
1372785.9
706283.2
2362455.5
294784.34
865535.5
1435699.5
2058844.8
2112541.0
2720475.0
830255.94
542529.94
1252820.2
2343075.0
93875.58
236448.03
227823.1
850845.6
41065.7
4977085.5
46784.242
3635.092
1499145.8
467358.3
29796.092
39188.508
4557.138
12854.448
18781.77
55074.793
14519.398
15178.809
80688.79
43758.254
79271.64
5169.0503
3500.2356
6904.4624
933.0045
