1802993.1
3780581.0
438033.22
1335946.9
2326554.8
759146.1
1084440.8
2702955.5
1839144.1
16892.973
5764677.5
71293.086
352420.4
593452.06
45449.75
1871071.5
1639474.5
1764240.6
654727.2
817702.94
519998.25
640517.75
656957.1
820167.8
637215.9
75411.055
232059.73
420609.03
1108133.9
1706317.8
4937271.0
856235.9
523371.5
827697.6
260455.5
947061.4
4044674.0
1272865.2
568067.8
1898121.9
807382.25
2184238.5
904292.75
2647397.5
257262.89
371435.6
278545.5
71241.516
229993.17
813882.5
400500.38
479569.78
2560414.8
795703.8
589441.8
556428.9
1572548.5
7918752.5
205988.58
391411.88
670503.75
282928.8
1283010.0
1980614.1
5475484.0
190448.23
4086195.2
281781.03
93050.836
79951.5
2043585.2
45835.875
11807.171
65933.22
10379.442
