121851.42
125943.586
1288485.9
21816.91
26287.668
23879.53
176879.81
242158.12
708879.06
151243.42
2940875.2
537155.9
709801.94
98351.85
253316.72
668036.75
351950.47
502671.53
364049.16
305574.78
147405.73
184897.48
697794.94
682139.3
305869.0
452359.88
938643.56
960025.25
1020420.7
961601.3
816839.5
2688658.8
298307.9
1386068.5
211381.64
117410.06
448447.4
1453996.4
630542.25
374984.4
131741.58
176702.66
1113685.0
576360.7
319042.12
1741374.1
129418.414
1084259.1
101351.69
78145.91
642629.1
17393.5
118858.5
577529.8
57989.6
506471.44
95103.74
3112932.0
1130292.6
1044565.9
1627038.8
1168704.8
816472.56
697967.2
1108962.8
370698.7
1255160.1
381818.16
1253749.5
623453.9
1418488.1
1230286.5
517276.62
588191.8
865621.94
1493922.8
616814.3
362428.5
366475.5
1073839.5
476617.88
221977.02
631064.4
118159.78
92031.5
74069.1
61822.81
311037.06
36293.125
36956.22
