153829.78
127690.77
32063.422
168433.73
23099.39
111315.086
163127.77
35361.414
1302206.8
55231.617
1531078.8
33491.574
72225.33
70548.83
906839.56
563074.44
1315302.2
47671.63
859339.3
215789.81
1697974.5
482802.94
2256590.8
240829.16
354650.66
1164559.8
1852250.4
1095356.5
561373.0
82589.92
8262866.5
2270243.8
1001771.75
468079.78
3010954.0
394497.62
3788880.5
704405.4
261419.3
2233209.2
85541.086
1143564.9
8677.635
3577057.5
15555.582
4689.3994
1694.0701
487510.03
1410684.4
113005.56
997031.8
322622.38
309971.62
24442.533
6349880.5
2738779.2
2667917.8
395212.84
201437.52
1102689.0
207849.97
