86535.09
113868.04
352353.78
713810.2
1064949.6
641107.2
447900.38
1264343.5
1037777.2
1284965.2
579702.7
772533.44
1380822.5
357761.12
308978.34
2568080.0
1660550.0
652973.56
699294.94
2024074.9
743770.0
732278.1
849328.8
1027070.25
1036959.9
314374.38
315498.8
316268.1
1586626.6
1409642.9
590435.8
1079697.5
368348.9
809455.2
675750.94
889268.75
1097353.9
1024601.56
1919310.5
580813.8
1104105.5
477064.22
685377.3
1649083.8
77993.93
132832.62
895832.25
568675.1
189583.94
1147472.8
1152247.5
839525.3
1137112.0
1837345.5
456009.56
2604859.8
627794.3
1270370.1
121011.98
1368891.8
286905.8
554421.06
133069.8
289975.66
541339.94
105860.37
727903.44
1160857.8
2086375.4
3417566.5
850161.56
5793712.5
1858751.6
1424918.2
33123.402
72292.164
229906.47
921108.44
385462.16
386324.94
409480.25
161330.55
1228167.4
2595452.5
2934128.0
699593.2
236640.3
190564.27
62658.645
24154.129
46774.586
