1134838.6
9129674.0
253710.3
6097292.0
364748.62
13490.748
6136623.0
65983.45
1119001.6
868923.1
151888.58
10024.422
20204.012
8253.165
19360.084
2241660.2
876366.4
728154.8
686598.3
700186.2
1308483.6
1115561.0
72339.22
28060.123
926029.06
71493.9
31995.44
91484.58
743357.44
44787.133
10613.635
1858834.4
8455.826
466312.28
4395.157
23126.982
27474.377
8705.582
12931.793
15662.421
569742.06
24744.232
100382.7
4701991.0
2879.1428
1086416.2
67295.59
31610.307
38662.27
216776.66
471541.53
405286.22
472708.1
532646.94
265249.22
394076.8
6117193.0
11125.846
1229.5024
3985.5342
169873.83
299011.34
193551.06
98801.06
