808763.9
117710.734
2600683.8
496124.62
2060352.2
587832.0
428780.94
548697.0
353256.5
693303.75
22562.533
233432.84
249111.73
2189480.8
979265.3
347583.6
132627.8
584797.5
76343.12
177043.08
430403.4
299933.12
652108.8
313818.72
1506171.2
336728.72
516079.2
282662.47
203045.02
1073078.4
18575.764
370813.6
213047.02
282792.6
1314546.1
785735.9
618025.6
279489.53
545050.25
1091107.5
311380.03
630856.06
192482.88
317084.03
6311.5938
2705171.2
617163.8
2080353.4
133441.36
159120.72
1547937.9
692754.5
5152816.5
286675.7
291712.97
474040.2
983282.06
455032.78
410525.72
698292.8
2085878.0
1018141.2
1082462.9
2213053.0
1290353.0
707129.2
666427.25
1292431.5
6026243.5
368155.0
484596.62
980579.4
1094322.5
647005.0
3247062.8
455734.9
5526857.0
382156.34
1713580.8
151876.89
126999.2
125915.875
915110.75
257916.84
428464.56
1545224.4
181447.17
354650.28
31895.395
198885.1
40102.703
701968.0
1466577.0
5089.424
11522.3545
11574.1045
13673.294
17671.693
8513.31
434191.3
92826.49
