310977.28
177229.88
177308.17
4086229.2
120951.7
832865.1
1340069.5
2585863.5
2984725.8
295390.06
332109.1
9524.083
4375.101
581541.6
1142094.2
2586279.5
1734067.2
1396154.2
737115.56
627550.7
278585.1
1314330.6
511594.8
606578.8
730500.8
860744.3
2560713.2
738331.94
432552.25
1582206.5
310983.3
1694065.6
1433536.9
630014.3
1634622.0
242990.4
667096.6
632077.6
730373.4
1289882.6
908093.2
184439.97
1354840.9
2225221.2
1275721.8
593084.4
1445440.9
1481500.1
711085.1
450285.56
667118.7
527729.25
525744.9
725304.0
2959674.0
473078.28
412559.94
1993472.8
473787.1
968367.25
160762.53
731909.9
228601.52
574454.1
726149.2
1717845.9
123196.65
1317534.2
979684.0
1700258.0
1813501.0
1228890.9
66273.99
909409.3
137543.25
1396828.1
2151286.0
538803.9
1693018.5
1307278.9
1279925.8
515075.28
519242.7
1117753.1
729835.3
901657.75
1049578.1
2484136.5
70637.0
584231.6
627117.4
676353.0
176070.28
583849.9
