94150.71
101922.12
208003.83
25888.404
2097.6863
3050639.8
2110749.0
586177.2
707042.4
3758064.2
754273.1
1705394.9
3083676.2
24383.502
60754.754
1485947.0
3191762.0
4708859.5
602327.9
2315415.8
713502.2
2781443.8
1435807.6
2490965.2
1185931.2
132827.33
8088361.0
456487.84
305214.25
6120528.0
839716.9
1208270.1
255400.8
1046819.6
418736.34
2192276.2
660990.7
5281437.5
1087798.9
1683708.9
341967.88
295088.3
1638195.1
3766305.5
174869.58
1403266.0
96059.14
5578912.0
218547.48
68011.14
1418549.0
135741.17
10854433.0
214470.84
1132977.1
654108.5
3201136.5
1436045.1
3578.9822
3158.1094
