7159660.0
7113934.5
48738.52
1706805.2
278706.28
2786778.5
2169436.5
39053.832
4184167.5
1609719.5
5382159.0
343391.03
601997.06
121083.164
181608.11
2494515.8
211369.55
864509.06
45054.566
127004.98
247568.62
123499.15
2079874.1
216304.02
990276.25
90644.04
46902.05
191243.95
11413.832
45695.34
1297000.6
218486.3
628518.06
997045.56
489045.03
4915600.0
80624.43
239567.86
108341.41
110030.97
1282628.6
1269821.4
1725630.6
1704103.5
1325897.0
296364.66
1498362.5
1706728.1
1539427.6
392808.25
259833.02
4109136.8
1417849.9
352679.03
507861.66
546222.7
1831723.6
3656664.5
1294563.9
562734.3
1161488.1
321427.25
2018726.9
