68679.91
1052201.0
214504.12
4942439.5
1775359.4
2609071.0
1155582.8
19465.059
43950.594
1344043.4
48744.625
131914.25
725044.5
304501.12
76546.27
694545.7
50482.137
1371113.2
32874.293
44604.062
14344.776
715686.25
723055.25
324938.2
67141.97
1158863.8
8813308.0
833687.8
804989.94
1084447.1
429832.72
1209756.2
15843.215
1984.0844
23621.836
66181.61
361090.4
6695765.0
545102.6
113639.586
214504.03
10451324.0
424401.47
5313.6157
9882.0
612501.6
430947.7
27881.43
14725.757
195231.4
58878.203
25631.887
7332.687
6238.697
784587.7
36953.246
9874.582
8055.576
1752.0319
30980.96
2069.5308
29169.148
1849.1196
