15448.349
37792.734
70761.07
1646720.4
38307.79
9685.396
1666240.1
203501.16
195542.06
58540.156
208122.1
85367.18
51640.176
26648.975
26979.64
3744892.2
85997.51
19144.389
38249.01
859308.1
45183.76
2333233.0
33800.66
7317.5527
11702.347
86556.01
64974.918
1765004.0
4799.518
4037.7534
1400051.8
1014719.1
10826.415
26788.334
1111714.8
53948.285
75814.41
26066.225
1293594.0
4235.256
6578.2896
123255.43
473927.12
73510.86
1775024.6
53657.207
140113.34
414976.34
2954315.8
702630.6
37011.184
11959.073
17016.105
15303.961
308130.28
112831.56
1144711.0
33715.727
235796.61
655488.2
6041.822
1361.4502
5241.161
789779.75
29463.697
97969.68
1149460.0
4317971.5
690957.94
952079.44
3268899.5
112719.82
783693.06
31920.238
3287340.5
10127.5
2590098.8
1183272.4
14255.747
1212704.1
334944.9
99099.625
127935.82
509844.75
2698385.2
1453418.4
266590.97
68287.34
39428.156
26660.193
1212545.4
223312.19
578612.8
22872.188
23282.154
28974.648
41951.207
24271.389
6164.0913
1003493.5
2295025.8
23600.094
15455.567
20781.738
682908.75
