1805356.2
1999441.9
1725302.0
958464.5
1917826.1
812331.5
202481.53
1893500.6
150902.77
247422.12
382085.97
30817.344
295612.53
14683.672
3014.946
7342.7764
865265.7
1153105.5
1051232.0
461398.7
1365.3651
2953.5962
594474.94
1044111.9
33456.336
39817.72
1222207.8
45308.004
94456.27
418245.47
277204.94
519545.12
107519.15
18797.797
1458983.1
548793.06
67773.18
1130305.0
88751.61
147648.0
124375.24
431745.56
58540.98
220142.42
31709.428
859938.6
228876.64
625014.2
17058.06
12847.453
11063.496
1211421.8
415687.72
901867.5
1346457.5
1490176.6
343398.7
605578.75
154243.34
594594.7
