6510228.0
1895461.5
5184870.0
849373.4
1089390.8
777083.0
2177827.0
2619826.2
1942470.6
2674339.2
626031.56
348863.03
2429321.5
169328.39
480947.72
493169.1
2328974.0
1767166.6
1024010.25
1926321.0
586420.25
2834747.2
1615717.9
2508223.8
1780734.1
532176.0
7463359.0
427056.8
1674156.4
1513368.1
732697.9
1106909.8
1052777.9
1229968.5
1218642.0
954253.06
911187.75
3213541.5
1111309.1
4178029.0
1190689.0
1413458.2
982328.25
5508963.5
1156109.0
3562173.5
4462638.0
2821343.0
2542786.8
5033779.0
512621.3
627624.56
2292478.0
13866.26
3534166.0
917923.8
8924687.0
34486.473
28862.176
6033.2305
