9602715.0
83630.11
470369.25
175874.47
92046.86
35501.25
35263.957
1183095.6
324670.22
344064.78
215879.16
566656.94
596813.44
1343748.6
138050.73
109031.88
37055.848
127199.99
60808.49
39509.11
65046.008
1288393.9
306466.7
151591.83
70109.06
287914.3
130016.92
28147.03
21421.137
140887.73
465211.78
1154787.4
25960.154
571415.7
362326.66
407613.8
900895.8
430274.06
270926.6
74050.52
159516.94
211239.19
60462.027
109494.2
94214.46
195066.39
225291.66
114472.32
102942.53
681454.8
451368.25
341998.78
47693.08
2105604.5
1046.6932
572.4812
794.94525
44366.04
354673.03
6639.365
5788.8604
6929.122
6759.7812
6907.261
273375.47
5571.468
10016.106
11353.139
11335.356
180881.45
