6525589.5
36058.08
1060355.5
245564.16
129433.28
1260565.2
756725.6
515972.6
1255451.0
141392.16
382344.94
285834.97
564773.75
1633117.5
5825.8467
1977083.4
1633223.5
1373028.8
199746.97
1431664.9
1669988.6
133535.06
2853049.2
7932.905
2561383.0
636855.2
3267140.0
648240.6
291522.03
1556366.2
1282623.8
462094.03
3410209.8
49893.02
947087.3
28233.328
891431.06
1399625.9
1160438.4
299407.34
352400.56
710303.1
833121.1
866168.4
4059946.0
679930.8
196975.67
2134035.2
924956.94
288667.16
70077.91
620195.4
4316.8203
631690.5
1712435.8
200495.1
29937.334
398795.88
9608.294
2140604.2
1172099.1
19588.188
21469.377
11374.4795
11277.416
510865.5
