837116.75
3078279.2
4982023.0
351188.8
41028.914
10220.929
2400759.0
1931948.8
1436162.8
86101.39
951326.9
93271.11
101519.37
59556.832
163600.5
86039.7
60021.23
42371.688
1713826.2
464125.25
909747.6
24109.736
31881.26
1489770.5
896054.6
969566.4
1665887.5
546696.25
1094370.5
3635951.0
1195655.1
733686.44
1251064.5
434913.94
28136.475
60426.816
34865.016
11265.518
2209054.2
56647.78
947325.2
542045.8
167152.48
654366.25
14364.615
2007078.5
71438.836
714733.3
147178.67
1249531.6
247646.28
664348.44
635406.25
631165.56
3575725.2
10581.235
1012297.6
6725890.0
56929.63
57124.086
180639.3
74060.4
46025.48
99383.555
5011677.0
4488644.5
26299.795
40001.715
