263033.0
486480.66
404209.72
250016.7
369306.75
705192.56
379111.25
155384.36
328110.53
606449.44
116046.18
556543.56
760455.0
2383957.0
82461.96
518303.84
622039.7
908735.56
1263897.2
879730.8
438437.53
211921.38
547693.9
1356513.0
2261048.2
334422.1
418031.22
473954.6
3819755.2
221376.22
99708.79
453956.06
6048313.0
689211.9
252434.7
788708.75
2850933.2
373788.72
169958.23
901744.4
810410.1
25543.326
389928.28
305265.22
513026.84
247462.12
97281.32
748910.4
379487.9
332753.3
197243.72
805826.9
198738.39
441931.34
194393.36
147239.0
251958.64
347969.94
4406.415
7391.691
287395.34
15705.083
15781.238
260341.17
