7415.002
107210.14
111893.5
138973.78
332993.8
622609.6
818015.1
5902583.5
1299231.4
1178097.1
704644.75
174885.98
4477052.0
3619548.8
1230071.0
1143096.0
1731813.0
1081484.9
1646701.6
328631.28
1436517.2
679664.5
1012766.9
2074099.6
702236.1
545380.25
314657.47
8073.907
1308649.2
5405243.5
2674832.8
564743.25
648048.06
3567440.0
5562585.5
495343.8
626289.6
1263016.6
755351.3
3610836.0
449961.5
8126413.5
9925313.0
1578848.1
759742.8
228414.36
4566986.5
168650.48
2587770.2
3534282.5
1225844.1
5547640.0
1628973.1
1176302.2
264413.84
995896.0
890122.44
826696.75
803088.8
1346671.5
665396.75
4777957.5
4773428.0
1011969.3
1244286.0
5190137.0
1293915.6
1098602.9
86390.0
628806.44
3037685.0
1127415.5
4869681.0
2041321.0
766546.2
1585954.9
520267.5
883569.5
578918.5
3721558.0
6042427.0
7982.3623
12423.486
90883.62
188256.94
213764.42
5645.76
141237.66
37349.117
18515.734
10772.589
27392.615
111038.88
10305.204
2933.797
1424.3
975.75885
1550.5865
1529.789
1554.8937
101911.42
