45449.043
76729.67
6308.698
340469.38
89377.41
1566047.2
105929.34
170436.89
29681.889
232627.39
2952.417
54945.273
7680.8145
2987.3438
5378.6655
295804.5
148243.06
723499.7
3348224.8
341622.88
89277.36
25295.54
3633466.2
100884.03
126852.75
91441.79
2287335.8
106944.16
203743.77
122133.34
194391.05
106656.414
180616.9
181636.2
180337.22
306248.3
91060.79
100529.72
86319.72
3862123.8
38906.605
76293.32
51826.49
80513.016
54877.074
57001.242
80280.555
39015.895
40098.46
217123.17
157392.58
218340.47
249233.7
111337.47
538828.25
67896.02
163503.56
1450111.0
754289.06
1889836.5
1017997.75
1231119.5
2350645.5
564315.8
1290374.0
2006403.9
1109470.8
1933316.8
461441.28
2966352.5
669475.4
2728119.8
28527.824
432.85114
1545545.9
23845.766
30690.512
1571804.2
384860.22
307654.03
187025.48
206965.03
3170622.8
15129.573
72445.5
473196.1
300096.38
53097.73
11686.65
16114.625
37063.438
49056.152
3937.4683
46142.887
49039.94
39239.215
17103.576
18561.428
44064.117
24547.84
44316.594
34216.44
11455.015
9613.008
18080.389
27116.242
