965048.1
1573953.8
420080.1
1570823.4
606917.8
3253620.5
30557.832
824604.9
284682.75
224410.02
1741171.9
673110.6
39729.14
176402.75
6284282.5
1091932.0
771485.2
2896895.0
394255.12
2764737.2
601958.4
19112.791
1129518.6
505126.72
13873.784
1971215.9
1879565.4
1166317.9
22475.604
964486.94
259160.27
42264.312
16954.904
17025.408
13451.147
5029.987
12970.269
32653.434
1708666.6
3638.9126
5721.2666
319756.16
6998.3354
5418.0107
86992.53
1697.5327
8647.75
16316.275
928546.9
12362.032
10896.624
11088.496
10999.773
138813.88
