11866.131
7044.919
16364.115
125198.516
184549.31
6794533.0
5806.0884
443113.56
1167927.2
484668.4
19146.7
57999.84
1425682.4
970870.06
898380.6
381821.47
12554.395
906564.2
789211.56
1999130.5
1418472.0
6046972.5
2105922.8
314722.72
1975780.5
2848895.2
3143.8345
196435.89
107430.1
646818.2
981786.4
5642118.0
70939.79
24532.834
1103539.2
864508.06
162237.08
189965.1
240653.22
1413173.2
1234325.4
142951.83
414368.97
1731489.6
1320848.6
958515.4
3080605.5
3565212.0
33101.754
523009.3
1497424.6
664991.9
15463.43
636724.8
415147.84
15562.61
1236215.8
25876.477
275311.66
131486.92
148642.38
307836.6
4541627.0
12851.192
5826.1313
310966.06
203416.19
