8568310.0
958416.44
414813.2
38085.85
386147.97
425797.56
654633.56
7343803.0
79505.266
2566120.0
3426608.0
1375751.1
1306920.8
1396748.4
588996.0
555504.6
402032.2
12530419.0
30426.135
1040789.25
558752.4
861638.8
2158465.2
242796.67
744922.8
2999145.2
1867858.0
7986744.0
32950.3
459023.94
1185631.2
1018264.56
6569888.5
45200.797
59078.348
211305.06
207058.23
46664.906
37011.06
41424.08
22245.33
117094.734
332626.06
57028.55
427623.75
46508.2
115406.32
1401319.8
4413408.0
45401.457
45401.457
248794.61
16886.494
36737.984
