1707896.9
3370052.5
3346.2568
43300.863
43514.977
6453403.5
2402366.0
3810838.5
8272.172
30759.445
10379.589
5731223.5
35582.754
141663.72
632327.4
6350065.5
141569.56
4595037.5
677373.9
6315051.0
1076549.6
2180980.8
4063025.0
986750.7
3003764.8
335103.72
1054660.0
3325568.5
478093.97
3244978.5
1424975.6
1059399.0
1211693.2
2262972.0
1414403.4
11823035.0
5958288.5
5316570.5
13018328.0
48944.086
2307007.5
789114.44
2875908.5
9027417.0
34423.438
22943.236
25902.549
122599.375
2700721.2
310981.12
1212934.8
2170276.8
1854779.0
2464049.2
4756037.0
5432978.5
593380.7
18851.498
10600.513
52537.86
