4041125.2
1963437.1
223734.39
922032.6
1914512.2
838513.25
2367168.8
1899434.2
1775326.5
2781966.2
830382.9
2484621.2
266709.56
1162753.5
3921956.8
3337083.5
2565961.2
821280.75
3332894.0
1269779.5
1299963.0
1106433.0
786950.8
520060.47
597069.0
82925.25
1235871.8
540047.0
2489944.5
1487017.9
2202711.8
1308442.5
1321561.4
2047944.8
2388606.5
1094272.4
1134057.8
466963.22
2245725.0
5391172.0
1561864.2
100920.516
1298643.1
472204.3
1523367.9
1371581.8
173415.55
3060839.0
5968215.5
1422463.0
331595.0
255671.86
1488034.2
510034.62
1241546.9
773262.9
2793205.2
938101.9
849100.3
1296810.9
750408.0
1848075.6
413161.1
766991.6
1787842.2
1406773.0
1310383.5
1216150.1
2775550.0
1379617.4
1506969.1
1883038.4
1008948.2
1353819.2
3174884.8
578177.44
922085.0
1037397.3
1213831.8
1564177.6
629076.0
1673050.5
1445327.9
1316084.1
2123695.8
24726.502
552530.5
3577593.5
1055319.6
413620.6
