7058340.0
5778369.5
81311.12
1471128.5
251388.17
157690.06
2871402.0
134603.62
503215.66
1599114.6
395208.44
1266184.6
282627.28
3450630.2
1491955.0
204824.88
1184956.2
2905906.0
151668.47
1925035.1
1049661.0
988045.56
272621.03
685602.6
2986667.8
7933715.0
2168840.2
16265.022
10462.915
14669.328
157291.5
11080705.0
864125.56
843306.8
118156.195
80670.39
2202540.5
134944.83
575224.75
2329718.5
2448715.2
537327.9
422352.47
1254723.1
1261780.5
46572.72
339439.66
1181610.5
236259.19
156668.39
985553.4
1237129.6
2684353.2
15439.251
1271618.0
440464.78
552033.9
1039855.56
94652.13
2623631.0
502642.03
152443.11
3134576.5
191544.97
362794.12
204325.53
226007.19
89900.25
33323.14
978.54974
1026.1774
2067159.2
