1570405.6
879547.8
445210.53
256238.66
1079099.6
1301852.4
229520.4
378473.56
189994.89
2093748.6
2931773.2
3345818.5
1478768.4
837601.75
1162872.4
520017.97
31945.623
10969.84
65872.78
1812384.1
4168323.5
14868.345
558202.25
851625.25
45248.86
11365.803
750043.0
7437.1187
743812.9
946414.8
77722.12
47043.766
48596.234
57309.46
28983.645
66046.39
1831704.9
4265.58
1763.4506
7863.54
1714.8419
1445.7211
1197.8634
2799.531
2517.3118
477063.94
12761.468
15515.91
18566.246
2155953.2
454005.72
15799.329
1279693.0
428673.5
5347.4585
8351.791
95721.36
4678.4834
6087.664
94189.2
148243.06
