158753.14
156206.66
156619.39
664712.0
9123.872
8126.037
1200806.4
21812.09
5936.1523
10652.66
591113.06
4663241.0
689717.7
773352.94
880899.0
524307.0
529096.25
407542.1
24236.73
34550.29
1167278.9
407509.9
640768.2
673593.7
643698.2
774604.4
693587.06
505489.6
547559.4
67736.43
21166.059
40904.574
50563.96
39094.105
14788.788
10555.0
7416.9526
28351.4
474655.44
21106.47
97590.31
2052527.4
178607.11
18255.475
323842.2
16799.955
16940.227
1727435.6
47970.805
30776.357
4641983.0
7200.3936
3536.06
233067.11
63492.15
231602.6
59124.516
165686.88
91070.695
63655.457
