10495939.0
515026.84
498884.78
787568.4
1760925.9
321237.5
894490.44
311485.4
2257373.8
616922.5
401529.03
1454544.8
237082.48
2757.7678
399531.97
2543547.0
733916.9
101833.1
1380642.6
961834.9
1049882.5
1997038.8
2778443.5
214663.02
178753.6
2861157.8
18997.861
69049.016
1131028.1
3148813.2
822529.6
169693.42
254499.27
288104.22
5860216.5
383245.03
299168.06
113138.36
5351137.5
433598.06
22478.215
8263.555
2887822.2
1555641.5
979857.56
572140.6
408684.47
972003.7
2083213.5
7050370.5
644563.8
162443.45
619179.25
2342524.2
485108.66
1503605.0
349611.03
150795.36
2250177.5
368157.97
875639.8
463975.28
239437.31
575614.7
4890632.5
2125888.2
685899.8
55252.023
71368.06
47716.65
2217.8604
5659.9697
3377.4812
3820.0703
6008.4556
3112.6985
3362.9424
3682.2976
2120.4597
3738.5684
2241.0684
3767.034
2412.8047
3708.2373
2321.0586
3748.3157
2397.351
3629.3584
