223483.42
5316.4277
5717.2026
1444.6476
11742.611
10500.94
13447.233
1577261.9
160057.62
32628.969
30878.635
1098620.4
76301.73
1390975.0
22594.533
3627156.0
526748.7
17250.56
542842.9
772592.6
51545.03
75555.25
141296.55
1175438.9
174347.11
66337.516
3405945.2
52128.387
15722.802
778353.06
387.8198
1067644.8
56506.4
84462.15
41753.387
20575.457
3637244.2
9706.935
321823.97
5344.15
2267704.5
240722.62
3159851.8
343624.34
93175.73
422380.6
925452.1
1707505.8
605708.44
634868.5
249022.73
1240909.2
239688.06
1246204.6
4895262.0
1435749.6
1614407.5
307544.75
498007.38
75235.27
723396.7
740174.56
1905227.0
164043.2
1031089.7
160643.78
457424.72
607630.0
497313.78
99525.93
281574.06
1761164.4
792086.2
269784.94
25739.71
1488578.8
463782.47
2765643.8
247905.62
135231.19
1722398.8
133617.52
108488.02
92484.42
113346.92
131187.75
1080122.4
12022.656
1086938.5
3518219.0
11310.246
17352.42
38506.645
813249.6
244766.69
310502.44
1117343.0
507984.28
648051.8
1463571.8
18958.871
15394.0205
15122.295
31322.67
1320402.2
307702.03
