791324.56
642511.94
740422.8
1409584.1
2552000.5
636125.5
2329332.5
982974.8
268003.22
945261.0
1314026.9
2119095.8
5540604.5
724882.44
186414.81
174581.5
241033.05
206974.83
2884560.5
30968.205
780982.8
124470.21
481813.0
1226770.1
147937.73
87400.93
63370.348
81676.9
62810.37
88801.78
155570.94
714993.0
42590.05
1332806.6
1513983.6
1526807.4
518604.22
594106.75
1782829.0
1761026.6
2430764.2
680409.06
2074941.8
2088509.4
632589.3
2362243.2
847216.56
1599226.0
272501.38
2983204.2
1799694.6
803977.8
1935754.4
3031872.8
3446497.8
1254655.5
1101321.5
1189645.8
193820.81
1614748.8
1589350.4
1582126.9
505882.56
172923.33
1534254.6
811888.0
1663654.5
3960551.8
1416742.2
2473814.5
2311952.8
2543047.8
1133694.0
2017473.5
2464091.2
4544197.5
476752.2
779395.7
2826255.2
659070.0
235464.1
1687912.4
1452791.4
525761.5
3189660.2
1525751.1
3878094.8
1899868.1
1426719.1
412789.75
2730645.2
5653012.0
879259.7
1075060.8
1948093.8
2304172.0
1238317.1
5718816.0
666299.8
407206.03
737449.9
1258893.8
705818.5
1566695.9
245660.89
793777.6
793010.1
1078667.9
216876.7
53323.324
704167.1
639266.5
631738.25
458469.88
980161.44
367403.2
1392091.0
1458150.1
948846.4
1061848.6
