534.7816
944952.5
306172.66
2870.719
3364.9858
187124.52
481155.6
3133.035
426206.28
377375.6
404690.0
955.053
566291.0
713861.5
534481.25
1069.3456
134213.02
2033542.0
673620.0
187257.67
414866.03
1640.0831
993380.75
411304.25
738094.6
227608.4
1775735.6
67899.36
783.26074
370168.22
1639820.1
605580.6
403326.34
454022.34
1002936.3
9297.895
861116.06
486453.12
13331.745
1181679.2
323862.66
255924.3
1255476.6
76460.46
3095549.5
96832.27
408649.38
504667.4
76626.36
945031.7
2500969.0
131407.62
449346.78
1886745.1
51382.902
45383.72
212629.08
31061.773
106389.53
258724.9
22613.273
22618.37
22943.885
22588.7
22417.264
22671.994
115332.97
