506589.06
1910445.1
1601309.2
447183.88
911701.5
1832087.4
1346353.1
1399857.1
186323.5
342512.62
2712743.0
1113663.5
462847.56
3053690.8
144070.77
80855.695
41256.19
258538.53
785839.5
45560.027
89605.32
128147.29
449457.2
3191846.0
608069.6
210190.52
22938.928
72542.26
313256.38
1440622.5
804851.56
210482.72
220529.64
170549.1
127789.21
305504.94
383666.53
551294.94
649954.3
654948.56
732356.25
866590.4
981387.56
1017639.1
1010886.2
964706.6
1141029.8
1082256.6
1171024.1
1041671.7
1204946.1
936146.06
1063025.0
989569.06
785980.9
