165231.12
219861.67
54924.945
64248.71
81550.414
77276.89
47427.26
5744360.5
8299.124
29322.514
8242.659
1338.7743
908300.94
867899.94
1172166.0
4507529.5
115470.13
282235.0
2364217.5
1726544.9
1654807.2
475945.44
793906.75
1823650.4
295143.06
355604.78
1899570.0
1104670.6
1273328.9
4446713.5
917512.2
474031.2
489794.78
326709.34
1724885.9
649052.75
4668790.0
9993.856
3081.2168
1895940.9
6409333.0
554148.9
1014902.75
257077.06
2616265.8
3717208.5
1990026.4
1451587.8
701848.5
4974065.5
8963.397
6506.996
3321035.5
191920.81
194318.61
173385.3
208260.17
303364.12
286360.8
297703.0
338991.16
2801386.8
127221.914
7445.682
88313.17
25702.676
92836.78
15259.947
166688.1
148243.06
