2367931.8
1184276.5
1101162.6
1062432.2
932822.0
1947280.0
463562.38
6054622.5
743112.4
535000.2
1189807.1
1932573.0
1682740.4
929628.4
656150.5
33855.37
1861413.1
863003.3
762.18164
173229.58
432169.72
774804.9
739391.9
32339.676
1598638.4
98696.59
26514.12
1428293.6
99684.56
44861.918
2402276.2
843536.3
170157.06
1728463.9
2618829.5
933474.06
231841.72
476616.84
26470.02
1291329.1
932707.75
1624824.1
25533.322
817654.25
1266275.6
2137351.8
471822.53
1620675.6
1892125.2
2267357.5
2130619.2
2177146.0
2200678.2
684877.06
96160.0
25577.406
96318.945
45456.363
652241.9
202304.8
