373.30798
273360.75
545185.7
681856.5
246025.33
2353873.0
606123.4
810797.44
319734.8
2195007.0
35285.59
203311.27
583907.4
1071028.5
220829.61
1302765.9
1853616.2
138320.64
2446873.2
485796.4
2807084.8
492751.06
378566.16
390228.3
1035219.2
586940.8
1143186.5
2432632.8
420329.8
585547.44
901754.7
834894.7
1336736.8
1448320.1
346767.9
819561.94
198652.86
52474.59
386264.97
1317430.1
1255552.9
102130.52
375157.44
144340.48
72908.664
3515.6997
843.23157
2221.5513
859.58826
908.4784
1248.1475
582791.7
148243.06
