1868709.1
2033981.8
1582079.0
425354.97
8061525.0
1336.2838
370348.84
5836725.5
82065.91
2617580.8
13564.376
726038.0
345129.5
4949013.0
873574.8
849927.2
117787.0
1372387.1
1659338.0
2728892.8
2584031.2
1406100.6
255074.11
5995771.5
531741.0
9188.992
2999913.2
176093.36
551529.8
18240.66
7975065.0
316076.6
221807.62
77955.65
395315.47
288656.06
462070.1
6592.788
177313.86
360082.03
71793.984
121917.445
465349.06
2299392.5
501227.47
515021.0
2096354.6
1290556.8
1729134.0
4043980.8
1962433.2
3388138.5
270606.9
1537038.0
867658.9
392047.1
190299.58
498627.97
764877.3
2282612.0
1839491.0
983899.4
2089696.9
1036156.0
3705439.2
780279.9
266881.53
37826.1
36943.035
206406.19
25647.84
66181.45
130672.766
67000.016
19302.113
14573.243
1161479.6
485223.78
1437610.4
132705.23
8200.669
425592.47
61725.86
952619.44
112401.44
22755.152
6784992.5
18941.604
6770.2344
22429.414
49878.32
29256.916
35676.566
4415.4746
47478.754
78272.18
25076.785
21121.39
48699.58
13446.11
