1452233.2
720439.4
1988702.8
265727.62
1252995.1
2168841.8
1321400.5
531553.75
1278082.5
4073486.8
728613.56
598789.25
1277585.9
4980839.5
1679033.4
2064308.5
2889915.2
1685211.9
441254.22
2655522.8
349424.28
717679.0
128155.664
1173473.0
179646.2
4083326.5
1226684.4
311700.72
491343.53
2130703.2
907081.2
1405178.1
1357897.8
1803092.9
865.8407
1024690.3
1075740.4
58372.965
107553.53
75624.05
632573.0
1579503.2
849106.75
3266380.5
1386820.2
650849.4
1259807.1
1193095.8
156366.12
895516.0
1004656.94
1178905.6
920950.4
317631.3
1294437.6
18152.787
401440.62
329202.2
36193.254
37389.633
