437713.06
203208.03
184943.06
84904.42
92790.305
24436.307
934310.56
519882.1
1429401.5
469017.38
580671.56
555526.0
385547.9
277285.0
448755.6
816445.75
933566.5
300082.4
369177.0
1674052.1
487273.47
4930573.5
66597.56
37170.508
39417.48
43697.504
78431.13
24711.89
18496.885
1857844.5
1420534.9
455744.25
158361.8
642981.06
616973.44
504752.97
1608582.5
309655.03
1538711.0
1374096.6
3296454.5
224603.89
1542029.1
1148445.2
412057.6
396235.25
437096.44
253789.69
219519.44
630217.5
1874771.5
1462800.9
1789341.5
1489467.5
1185828.8
534009.0
309550.3
240039.52
389309.75
1862031.2
1001571.25
84480.08
3820104.2
960696.56
908855.0
50860.71
117311.125
95574.43
59600.01
102543.13
164588.14
48087.91
1202572.8
1442440.6
26620.967
1423670.1
80969.266
102410.98
230944.8
162747.77
295391.0
990069.1
29996.422
1764455.1
105773.98
111665.63
132600.81
365046.06
94906.695
19608.678
247244.66
103347.14
2204176.0
25753.521
1768427.4
1115973.8
218846.94
1052263.1
51222.797
1248820.8
89600.1
944818.8
529217.94
213191.77
222810.16
38377.57
149776.97
422476.06
1348214.6
106148.22
825380.5
1313320.6
1841250.5
237042.89
416337.28
1464004.6
1100377.8
