12520326.0
208367.44
238575.6
3092380.8
388388.3
721204.2
486179.56
170448.98
2314860.0
973742.2
1835663.6
6530326.5
582217.9
1748857.2
3539056.2
517166.94
644666.0
1704460.9
728781.1
11403.321
823766.2
1113698.1
2200578.0
409563.75
1601625.2
2514708.5
1793021.2
502168.56
1007641.56
3170380.2
2430637.2
1909914.1
145644.4
19313014.0
158651.83
1517076.6
1103057.0
3605854.0
2264142.5
59999.473
37586.67
1175958.4
45970.43
32058.602
1065884.5
4994590.0
1342794.8
468493.84
2094930.4
560202.75
541894.4
821137.25
5104254.5
2707580.5
119586.46
884970.7
1318207.8
146653.94
349916.25
