7221216.0
3891232.8
691827.7
1090954.2
677933.9
3418.273
590854.94
3803649.8
708446.06
1787965.1
66164.836
32351.824
195749.02
91577.69
8334.138
4717771.0
8944.924
396216.12
32333.42
10788.564
4988251.0
8887.141
9170.297
2978.5444
18090.072
8497.817
5639.481
8392.904
8033.6143
8880.369
8883.907
73497.04
8882.356
656730.3
1584777.4
55457.92
406109.3
570491.2
332389.72
2558604.0
1782976.0
557099.5
33741.477
449692.34
803261.25
566216.6
240528.11
1732906.9
940726.44
3864814.8
386460.97
174557.66
256142.02
23039.816
509955.1
64302.32
3351331.2
43634.54
5360402.0
247444.66
354979.0
2299357.8
2147050.0
5866686.0
627250.94
1051717.9
119491.164
53471.613
19057.465
18193.506
1549367.4
5240534.5
92845.555
1030856.0
84758.32
306924.16
5687.9556
4141.142
7392.437
1589.8896
689058.4
1389925.6
1658892.1
3298412.5
61378.234
1196251.4
149251.56
250935.47
7141731.0
139062.56
5262521.0
147014.78
1523679.6
2258390.8
268552.97
1915893.0
79843.71
366531.5
2538946.0
891949.25
618348.2
1113804.2
694162.44
88382.62
304290.62
277779.1
6617909.5
196808.56
3879820.5
422158.7
92668.54
6079685.0
52263.3
141698.94
35664.93
363398.56
223632.12
184232.08
14318.575
223596.25
