65696.695
11328010.0
1547343.0
4134730.8
251987.36
2347692.2
138837.47
2475070.0
662689.25
6101146.5
282968.56
1720447.5
2257981.5
449001.6
1230240.2
154872.86
3009277.0
2038406.0
1016677.1
1606001.1
1566745.1
1994943.8
482460.75
2531502.2
780559.7
117502.33
3457331.0
266228.06
3351426.5
1608839.4
936642.9
677504.7
1871520.8
5836731.5
1316975.9
1111442.2
3557568.5
1654606.2
904697.8
548219.6
3424922.0
1477468.2
1310293.0
111892.05
94649.06
1508044.6
30677.723
526302.3
11968.343
2777.0415
1496.0544
1224657.5
