11500413.0
1899833.1
1434238.6
170124.64
1200833.2
555978.56
3301804.2
40876.824
243339.78
95443.47
1899531.4
1008575.8
1454301.8
1821063.0
66311.375
55569.824
2042330.9
752747.6
103415.29
400242.6
40031.83
490108.62
207494.73
2704377.8
438788.84
481972.12
1055723.0
1321326.1
2930559.5
1340616.4
1985885.2
60615.14
1725548.5
3155116.2
2279298.8
1107656.9
2244434.0
1174538.9
1458675.0
326152.6
2280074.2
1607352.4
63418.668
25309.904
50212.793
29314.803
45983.055
40565.75
26033.076
769780.44
17090.07
49041.082
35389.266
689177.44
84124.266
29813.697
6042.1978
57231.83
219110.16
166954.55
