6854.693
915529.5
684283.6
8148.3857
2174304.2
1057609.8
1757805.4
268726.28
887929.9
54382.86
1991444.9
1397900.0
2282764.2
782963.2
1067697.5
2667277.0
1865447.0
1976329.1
1822304.0
1352528.5
992155.6
300056.56
1121909.4
199762.86
3035131.5
2230483.8
380573.28
234496.62
421154.78
1079284.6
977464.94
1659119.2
2175067.0
1283674.8
2206665.2
535472.4
234857.88
424263.66
126239.29
1053520.2
159085.11
298906.34
2166424.0
928075.4
1006700.5
716612.8
1826833.1
505151.8
1081004.4
508662.4
1201564.1
694458.6
729675.56
40010.496
75467.2
254334.31
4288006.0
1083912.1
1863915.5
577655.75
