3167980.8
948404.6
129038.484
180265.08
1380210.0
1084515.2
394448.97
153972.36
2460993.0
1276885.8
1412219.0
1689564.1
2293949.2
2332300.5
1392119.2
2796335.5
1853928.0
768827.44
3151932.0
1064808.0
1813090.8
5674908.0
1406334.2
3452752.8
533975.3
299848.4
1232637.8
2323510.0
790441.2
838196.7
6291418.5
1001068.1
396806.44
1221896.6
224086.5
3280572.5
255501.38
1609099.5
2106715.8
3197792.8
342516.62
2068533.1
3742094.0
917451.1
7322961.5
1757302.6
1674508.0
293966.88
1351607.1
245153.42
3196254.8
3659821.8
846317.6
1736624.9
8368098.0
1999711.8
79686.55
5151.733
3726.192
1525441.0
2361065.8
6714944.0
740543.9
10295.88
10186.94
10153.045
9085.49
