669452.06
6075250.5
660247.1
877208.75
469857.72
2273697.2
1305722.8
686441.7
824706.0
754874.2
281059.78
1248056.0
821965.56
76911.836
399800.1
8426773.0
53545.793
240084.73
803692.56
4696998.0
1025780.9
1770853.6
7604268.5
367848.47
468063.53
773441.1
1210869.5
480985.5
866730.06
590247.44
3169215.8
1042437.0
351812.12
2218462.2
6276782.0
807855.44
2720167.5
1271857.8
5210355.0
181734.92
644458.9
429307.4
2680399.0
130544.664
941467.4
2713243.0
1049126.6
567242.8
3546666.8
1220885.9
4615527.0
1452099.1
2837678.2
862516.6
908910.6
4382829.0
287845.25
1041167.8
4283015.0
931737.7
6677.7935
4271784.5
730866.75
5488762.0
2850704.2
492679.66
1183111.8
16298.689
11134.592
103765.805
144658.14
245117.42
148243.06
148243.06
