117493.71
117139.74
370799.47
172105.2
172105.2
9570130.0
265001.62
577831.56
128503.28
1883652.1
301314.44
1097973.9
101207.15
69280.41
346509.84
64532.254
771526.3
1429884.1
39731.754
843683.75
193389.03
297136.16
1011902.06
286055.6
442599.0
264201.1
1431636.0
81048.234
178252.19
74592.97
482076.8
1728905.8
1109492.4
132075.84
1355479.6
249095.94
68654.65
1258625.2
39985.69
8506.987
206048.66
114542.14
207747.17
631647.06
200508.23
2371495.8
1133033.2
163107.58
368787.84
436852.3
1068064.2
69373.086
65260.04
31081.004
491503.8
1664981.8
832746.4
460438.4
201278.33
400107.44
825727.94
527679.0
622395.5
195593.7
151637.28
392594.5
169399.3
