60960.18
46159.79
80233.07
18197.994
60504.36
962664.6
2673703.0
79502.87
67719.625
958969.2
39145.82
1771518.1
1270235.6
1448909.5
6579.389
661176.5
107979.305
24508.86
1172200.8
12242.986
16490.252
5152.7944
235.99185
329467.03
6713.32
6349.1963
3395687.0
259198.98
226714.17
318917.8
87390.16
22074.688
59290.863
992564.5
2710883.8
105116.77
76885.41
932689.6
41244.81
1747654.0
1288608.2
1422552.6
5772.5254
12709.169
531264.75
21388.18
1163194.1
7118.142
19023.637
4192.483
3188.5095
327658.8
6871.2393
6534.7085
3394102.2
52031.11
462320.75
57898.95
