2283656.5
2985073.8
707944.56
859102.75
647761.1
318767.53
293429.0
797274.75
688740.3
3045198.2
331336.97
1287950.4
560930.44
1416574.8
1170517.1
1128508.9
1666237.9
671850.1
1628830.8
1148125.0
4228919.5
423759.16
2662784.8
622333.1
1207462.5
913768.2
237864.8
484857.47
426951.97
368808.2
1027781.8
712467.06
259498.14
449524.47
1849567.4
545342.56
812582.94
581568.75
412875.6
387860.1
1745516.5
1414041.1
231255.64
2386122.2
197622.36
280251.53
1082644.5
338554.06
695751.4
5548.966
2292.4924
390428.97
1244768.1
2083629.9
403283.25
1928879.8
2274924.5
1297398.2
226826.73
102280.76
