24885.184
42687.277
74784.52
827279.25
71261.05
2444076.0
59838.41
737018.44
1335106.0
192317.58
3725047.0
537445.2
9658.473
2061570.0
2768060.8
2093641.4
162240.0
1069240.8
3982539.0
223159.73
187243.67
775241.44
384239.06
373592.06
432199.25
248535.34
98207.195
73559.664
2785523.8
129899.25
269388.1
180456.7
237935.48
213875.17
600917.6
45033.47
25999.734
917406.4
181913.28
1218093.8
42417.332
1177578.2
1457629.2
653300.9
380789.84
673996.1
2907266.8
1141265.6
1435259.8
715712.06
186100.44
199980.28
808467.9
192073.34
154766.98
3614.0112
