865097.06
1482920.9
18980.795
12708.544
2079437.5
20828.271
63630.625
2218377.2
70932.41
294750.97
322658.3
849015.8
980836.94
437904.56
1378056.5
1841258.8
1413128.6
529157.06
131743.12
447586.22
97979.54
64709.125
5020314.0
18502.51
512803.22
41254.586
1139260.1
4227294.5
341675.66
13379.814
9944.077
1857944.6
9944.077
211519.1
42160.22
216544.56
2148523.5
1280732.1
185445.77
1760263.6
954482.7
185055.67
809362.8
1836948.0
1109165.1
982927.3
2439458.5
7275593.0
464498.97
163104.4
287611.56
1293524.4
1264870.2
562816.4
2179880.5
5023793.5
1193469.9
587198.6
409797.38
792933.9
1807392.0
668625.8
1446052.8
1225417.0
2268063.2
181194.73
434522.53
1737781.4
244306.73
148313.31
889897.56
4932461.0
164204.62
1799180.2
600284.2
1579553.4
2612042.2
477797.28
884504.7
194240.88
492785.72
164408.5
1094651.2
1114224.5
2470941.5
1346684.2
2078855.0
543629.2
2249754.8
3417234.2
4089472.8
2071920.2
897107.9
7930698.5
783204.7
1098973.5
1250778.1
518724.12
2318991.0
70941.266
3363564.8
2805731.2
1575258.4
2253995.8
3084743.5
2132761.2
49982.91
970874.5
2201924.0
2751935.5
490716.47
1975804.5
866807.2
1545593.9
49591.812
782990.5
4337957.0
61716.945
923422.0
9518197.0
