321487.8
670836.8
746214.4
5145545.5
324799.88
5571126.0
241066.38
60349.766
2309465.5
5276243.5
1648985.6
1601322.2
2789000.5
1083960.0
6600342.5
11725.759
1610992.9
105057.32
227668.5
477919.75
404129.56
5371124.5
27720.918
7313718.5
652477.6
343597.84
6268245.5
255071.81
5495176.0
25624.617
23270.494
4790063.5
1065661.9
255959.88
1711699.9
481465.12
16404.955
4042623.5
284443.2
620775.4
563656.4
137227.62
2213220.2
49284.453
277154.97
50504.215
3303.5894
1330284.8
19099.086
1944963.1
3897907.2
637009.7
200969.81
1734417.8
5535599.5
4125161.8
5582447.0
7961185.5
4776199.0
90215.08
3389847.8
5930717.0
387921.72
841882.1
33794.645
875112.94
3696234.2
366260.7
840997.75
617574.2
265605.88
158750.75
29542.99
445454.22
199111.64
352230.88
868738.5
926692.2
6649.2217
6600.598
7056.045
2001077.1
148243.06
