262643.12
26699.29
40345.98
100122.53
8279804.5
9546.058
13044.255
1068876.1
2999318.0
36329.074
83692.586
290065.97
27186.043
25570.314
124883.75
8861445.0
1128948.0
10853.837
310553.53
1117407.4
19388.05
395835.78
40019.395
14663.924
706697.9
8597783.0
3800.1057
16679.729
1050673.4
936377.6
1400992.5
18406.332
22190.955
200660.58
13122208.0
65764.336
103393.95
315276.38
985628.2
22667.244
20222.307
18334.174
7294652.5
33252.92
209380.72
1142160.6
17186.645
12914.679
12615.11
1729064.4
10981636.0
962847.4
7156180.5
471937.12
83516.64
19371.129
10608.22
5295.0806
12271.668
13153.336
40619.13
148243.06
