1167579.5
1446906.1
798716.7
113760.79
115841.8
321317.12
1849089.6
1683769.2
718538.94
206980.36
144552.84
126580.734
208041.22
198514.72
1098459.1
489811.4
744529.5
266803.4
115435.64
458815.97
822783.5
119936.96
316375.7
238023.3
94830.98
319164.78
1109257.6
895671.8
1209218.1
417678.88
327453.38
182047.22
514757.3
1327418.0
798492.56
1662723.5
546123.5
80070.67
202551.56
151845.31
1980307.6
406020.47
2425284.8
165102.95
98435.586
30969.633
12888.059
1006163.94
145775.67
768591.8
472160.44
1013404.25
567385.5
967052.44
16231.967
236827.27
80192.96
27997.68
21297.176
3349722.2
1064.8751
958.45685
1357128.1
21502.62
179789.39
916068.9
1926.1885
11218.115
4455.4272
10775.317
2265.913
6132.2734
7128.516
