49004.574
38895.516
178999.84
982658.9
611687.0
103888.92
128224.01
89129.63
2530771.5
1027149.75
1208432.0
883143.8
156585.02
132687.28
869245.25
2573249.2
1647855.8
2466096.2
127750.484
2995164.5
2972834.8
3744407.5
442602.7
1057972.4
729950.8
3755736.2
1806.4185
2445116.2
137976.25
871705.8
136262.27
431319.47
350331.44
2168193.0
1278910.8
127557.9
29495.879
1040586.56
604367.75
941599.94
1406862.2
1471483.1
623275.3
387384.9
1718386.2
1687790.4
1226001.9
6790222.5
6266.145
1531.9814
569704.44
105032.086
98650.91
1714659.8
81058.92
2718.9182
11036.5625
36084.094
2812.1438
1672.6906
