103579.73
734692.9
622294.8
1762101.1
1445569.2
688819.0
636795.5
220547.69
1304490.8
2569016.5
4530394.0
492131.7
466281.28
843344.1
1144918.5
226382.78
252320.84
1215008.6
473836.16
148806.86
706265.7
121320.88
403687.88
515808.7
12602.119
60660.277
468919.25
11275.135
15282.332
299564.5
875555.44
99311.66
2164335.5
91082.01
1245800.1
281930.72
445024.2
258278.56
846976.44
965624.3
649540.5
3147118.2
358526.3
579316.0
2259176.8
626057.25
458296.28
629610.94
1227586.4
180300.42
1281538.1
665362.5
1014661.4
478933.47
339528.97
161037.64
788847.8
1512082.4
792895.75
514695.25
12538.952
193784.6
987146.4
584310.6
861661.8
418462.1
2173229.8
1318410.5
108207.92
132891.42
85136.414
143986.92
1379489.0
260898.97
744717.5
1252398.5
9587.968
437287.34
432894.34
263127.75
390668.9
97277.2
3848.521
136886.42
662921.75
313140.88
12909.265
64923.844
7036.2686
10158.966
