6446.6753
576077.8
24783.08
326982.72
21477.553
9669.353
9012.238
23048.066
1934991.6
1816380.2
1393495.1
541838.4
738694.1
887685.25
68379.484
98073.8
5654547.5
92011.46
18084.29
298690.0
1165707.2
126471.805
33456.95
103555.79
27630.941
745089.25
11836.564
400566.3
122777.17
531446.56
315609.03
88825.86
407423.44
609133.5
5452990.0
395059.28
2546388.2
567036.9
1696427.6
810724.5
84106.92
10450.841
13505.129
5844797.5
69271.63
15495.424
31208.115
75330.74
1512012.9
645103.44
1588808.8
3300426.8
32550.258
118659.54
1653990.9
1512244.9
4193735.0
2284463.2
1583374.1
971248.2
478893.88
129089.39
1336864.9
1256501.0
1513578.1
1433641.0
1602309.2
223201.02
1242489.6
1948976.6
1586588.5
235244.17
515326.7
2297978.5
2539711.5
2737293.8
1055693.8
1746999.9
1956968.2
342212.94
360675.6
2102024.8
2524312.8
1717180.2
674995.9
875730.44
303390.16
1466018.5
1209525.9
423925.03
1135039.0
1292681.4
752118.3
2076222.9
670263.9
916721.9
1185521.1
1948300.2
647334.25
5796748.0
2546069.5
2211.9265
1165019.4
7719.46
4313.7817
11427.316
699271.06
18410.814
93900.414
53758.695
20185.125
95666.0
