8084510.5
1979562.0
1025722.94
411321.16
1214968.5
173252.6
766713.8
1824939.0
507149.88
1582503.1
3789265.5
5335302.0
450084.12
535071.8
563849.25
1004803.3
19656.615
21320.344
93006.38
1165452.6
2644749.2
1150809.5
134117.84
87086.63
98194.9
133677.14
2489291.0
68104.3
138701.58
31338.58
242390.55
1386222.1
1588087.0
964652.7
441358.6
2491488.5
1356651.6
514992.78
14528.31
161214.72
284565.5
3447897.0
1234395.9
790749.0
1469205.8
3413686.5
2066340.5
1978596.2
613757.94
89736.95
1451827.0
107252.22
1266815.5
126961.09
521.6764
365.5228
1762076.2
22711.992
14998.234
4393.777
