148243.06
5631857.0
574373.7
647075.6
663318.4
593112.44
955858.3
478539.47
304863.22
854892.8
110788.86
2578990.5
450612.72
877789.75
48377.105
119608.48
1370401.6
339074.88
721630.25
579085.5
392105.84
166827.84
142935.94
1943780.4
319542.75
778699.94
480566.22
2240616.5
1075266.4
1036770.3
733565.8
592882.5
497704.84
2553511.8
472088.34
647757.25
509840.7
163768.4
884418.25
810660.75
1185066.2
1419697.9
977251.4
70469.67
1739837.4
563212.25
234584.14
2022439.9
422050.75
234440.95
4274953.0
500674.7
1485383.0
750215.1
267062.53
3600777.2
2865621.8
628368.06
81288.945
602730.0
1160342.8
5700137.5
283833.84
523132.47
238052.67
641490.0
1758499.6
414882.4
491919.38
589592.94
2285748.8
158324.3
231642.48
383791.03
388244.56
173571.31
29538.52
3390963.0
192376.86
2594804.5
312454.56
164478.56
226274.9
770452.94
3834936.2
9339.0625
8883.853
7260.262
4412.586
2871.181
2503514.2
148243.06
