23728.943
12576.092
11283.729
11283.729
11286.724
11523.038
11392.655
11353.318
11397.2
11341.91
11392.655
11458.201
11378.702
11375.6875
11392.655
11341.435
11316.149
11413.74
11392.655
11331.684
11323.0625
11411.872
11411.725
11471.058
11377.752
11356.235
11392.655
11353.318
11397.2
11341.91
11392.655
11341.435
11316.149
11413.74
11392.655
11341.435
11316.149
11413.74
11392.655
11331.684
11323.0625
11418.402
11392.655
11353.318
11377.752
11356.235
11392.655
11458.201
11378.702
11375.6875
11392.655
11341.435
11316.149
11413.74
11392.655
11341.435
11316.149
11471.674
11402.388
11315.904
