291131.6
9788.373
401449.84
73372.04
61111.85
86889.555
3204.2869
3139.4067
2628.1438
14336.325
1958.4763
2777.0955
4778258.0
61432.305
18175.115
714614.3
6985.983
114352.195
192162.66
35467.44
25605.137
30862.365
29884.139
1384266.2
165650.25
75123.52
2627972.2
14692.8955
236280.02
1434098.5
43904.3
31237.775
10221.049
24726.252
6137.6655
317514.97
324119.6
833105.0
48807.418
185094.12
78923.87
28919.697
23840.697
31953.62
33953.152
179452.14
23309.55
55695.184
50765.684
368392.94
1479.3604
1039.4519
690.23224
952.2455
1148.8088
968.43524
