148243.06
13482841.0
54159.297
327298.75
4099.3623
1286415.8
3988.3828
497631.5
487284.97
121325.86
32452.762
653019.5
141703.36
30058.373
14711.775
3324054.2
36601.945
646290.25
13660.647
1146726.9
117201.21
506006.16
508640.34
3652263.2
1229236.6
526821.56
5052807.0
3039821.0
21496.502
125834.484
418635.3
16188.092
817663.4
2239.673
2107272.8
31641.756
126056.58
2744793.5
26391.064
117861.81
274180.75
874260.0
679798.5
226385.34
1335561.8
1149071.1
177481.67
362829.3
1934.3942
1200224.5
58452.453
64383.406
171518.45
4653.6763
19303.332
323820.5
2047062.1
11809.996
25183.566
6144.9824
2002.0049
96463.26
148243.06
148243.06
