209736.86
147402.02
24177.012
1412649.4
1481209.1
4700.095
3406.2007
54028.8
388319.72
43476.977
21469.424
2668735.2
452935.7
888873.6
1947996.9
1010310.5
1122872.6
1289122.2
1547907.1
1951996.2
2082453.1
2025563.0
3663864.2
77544.97
61192.215
1042592.94
1500011.5
2316.5193
735.40106
1374.1517
280525.84
3697485.0
4240.6494
2335.848
28653.982
104944.29
110752.13
1172628.0
2180034.0
1885.0101
323.71674
205.8814
376.6454
201647.03
12256317.0
461649.03
2392485.2
82024.766
7130.251
6535.6255
31944.867
2205236.2
823746.94
3542973.5
919997.3
756813.94
200598.1
120517.03
111196.45
58528.875
104678.875
32352.666
150983.94
2274751.5
2480.6511
1378.7036
4253.615
279356.6
1424020.6
886612.6
3961088.5
793762.8
243890.02
210945.39
185329.78
161051.0
19641.53
109798.055
8416432.0
187955.75
29530.506
17749.908
232182.47
723000.9
213394.47
