743464.7
971506.8
274319.28
156051.53
2128549.5
896758.4
2320145.2
6367735.5
3752969.2
818675.5
836686.56
1863284.0
3790059.8
587696.5
7563615.0
3088373.2
777632.25
1909807.5
343554.75
2562490.0
1768625.0
1477701.9
26960.176
3938935.2
286525.72
1580669.6
514070.7
1255000.0
2398203.2
1296826.9
928756.94
2398800.5
1271739.2
2380209.0
549174.06
1320661.0
3895250.0
1885993.6
2219553.0
4185067.0
2416255.5
1518974.9
826389.6
513109.97
179204.23
356264.66
187509.06
16715.984
188159.95
77811.7
65632.78
58724.44
264474.4
197853.9
96311.33
76964.46
87460.7
60769.547
549239.25
