4887627.0
27098.588
16927.883
47356.25
99470.97
63067.86
131785.34
125769.84
11118.924
27887.684
142513.48
127854.59
172696.5
9640.639
13403.696
18292.646
113191.03
44692.78
33935.48
23468.078
40205.67
209527.98
793948.56
483828.4
510595.72
176474.78
116580.836
932902.2
3516.7588
2763.0366
583580.9
109957.055
394411.84
735185.0
2313575.5
1468667.1
255143.28
491144.47
585105.06
95620.69
86092.4
257158.67
709402.44
955000.44
199121.1
383744.78
27663.193
44184.61
21606.508
11928.869
223709.7
83296.234
30682.02
37499.637
70363.016
64965.2
254139.16
297193.97
202763.11
69256.58
881602.6
20380.174
6903.8335
541362.3
17472.635
92542.945
319462.28
445339.88
18860.797
6869.187
1733.9883
57255.234
61211.844
1475214.4
5771.2314
1002354.44
1976.7253
3109.7456
2262.4658
3945.493
1906.4299
453607.9
2749.0256
1166.4261
3615.2253
1300580.6
147455.61
148243.06
148243.06
