40682.38
18650.04
63320.29
93994.445
33996.508
26526.156
15588.663
52959.42
56433.63
9378.817
75718.81
2747361.8
321926.47
991595.94
302883.44
315785.16
1032892.6
704908.75
625395.06
2047.9078
740137.7
3065.5107
1266.8901
613408.0
100121.23
202046.89
605282.44
76679.42
1208263.4
65902.26
1496897.4
1517768.0
576011.6
1101181.4
1282067.0
1510373.1
1468341.8
63340.305
98372.516
2322360.0
5391630.5
1883784.0
1399552.0
1832235.6
1607284.2
72747.76
19168.521
83621.266
2663653.0
58146.12
487790.62
1554661.2
127958.15
1070108.4
3249882.5
5968.9287
6698.515
9846741.0
71545.48
402387.25
5258.676
8893.011
43297.363
10950.286
7527.74
19643.525
1204.9619
29019.94
19197.818
5906.6514
11596.874
28499.766
9611.746
8384.04
330127.56
