49907.434
1210023.4
288912.66
410664.34
702241.2
770322.06
665600.6
891466.75
629572.3
1136447.5
524310.06
1256037.0
71837.29
901230.94
769356.0
106125.12
1816053.2
215257.8
534363.2
2790012.8
637444.06
485729.97
220575.6
882446.5
301922.03
853925.1
173952.16
430364.75
32638.816
300135.5
575130.1
520287.84
1550790.4
252381.62
829408.7
2471976.5
214131.83
390557.4
2145811.5
2543357.8
473953.34
560900.7
303047.1
474328.72
277962.0
454259.9
349296.6
1205537.0
442632.78
1211423.2
750048.2
40732.47
524138.34
426841.62
869879.8
55965.97
326331.9
830703.5
8398.935
114156.39
