58152.97
1266269.9
5549869.5
144218.11
2133132.8
1969966.4
2287671.5
1850951.5
80384.06
43915.523
533199.7
1331483.0
375681.8
5861498.0
109312.49
4100.5366
284238.47
25418.854
10761.341
3978.5374
33271.25
87128.51
23735.408
16339.631
544779.4
98881.125
51587.793
162160.12
22918.955
30854.857
28283.826
27247.203
240257.66
1263278.8
1934.6992
44492.652
22913.375
194177.02
15948.533
4326.687
45375.293
73481.04
45053.656
39906.742
45324.965
163224.58
79320.72
19760.365
72408.336
672472.6
7852.3945
36209.418
9898.425
13643.625
19510.193
7816.182
5362.3623
1249760.6
767395.1
23583.16
22386.025
28834.77
110678.766
34647.902
65400.47
34207.94
84832.73
79566.18
20246.525
