12153031.0
122963.51
750045.44
1908317.1
392609.44
651304.0
33329.707
4482349.5
10382.283
245784.2
295741.62
529821.6
355289.72
518068.22
344362.03
1360409.4
250825.5
2121530.2
382064.94
228116.3
5625511.5
488113.47
1151987.0
19207.037
1440.348
530489.7
35437.883
10718.536
2009998.9
7471.0464
4917902.5
3169.4265
6517.6777
2369.9834
8730.101
3588.0166
360753.3
12090553.0
113342.75
763189.3
1920495.8
384856.1
670877.56
28548.91
4570045.0
8893.343
249134.06
291812.0
522593.8
347208.38
521908.3
308315.97
1314164.4
261176.0
2137836.0
397688.53
222861.2
5688256.0
503032.84
1199864.6
25637.027
3024.9604
535236.9
28038.559
5873.822
2041263.2
13879.598
4942751.5
2349.8484
6053.0425
2247.792
5588.271
2080.5837
2104.0674
