6080.1377
5480.483
5675.5493
5775.0137
701021.4
408271.34
312051.6
203645.88
108497.8
210860.4
5452.581
50663.84
1843959.9
1582410.8
1737367.8
2396342.0
776063.0
1345075.1
411081.2
1031823.94
253804.64
406270.3
486212.25
853276.4
230209.78
103207.38
191239.92
71451.16
10742.837
926287.5
88159.38
97097.7
67781.15
71907.63
158686.8
90839.36
65844.97
59371.875
54754.848
193784.5
207578.61
28243.586
2646.3923
6834.5005
4196135.0
135496.69
820454.25
845366.9
201344.64
1032153.94
469245.84
5188066.0
583197.1
1922638.6
3395055.0
1158170.2
1312216.9
2508551.2
825515.6
2570907.8
1200123.5
1633963.5
756189.0
6068699.0
283504.78
4304071.0
661145.1
132996.42
862433.1
462656.06
127644.49
1253173.9
773790.06
1004533.25
3989543.5
3211452.2
2601862.5
988809.94
591840.5
178013.88
106299.336
391929.34
33521.062
621878.0
104822.805
88303.5
63437.793
356257.7
266325.4
811800.1
429440.6
5851.5884
3400.6233
660592.44
5481.2305
5428.96
5458.189
5419.119
5452.581
5452.581
