593818.3
451500.38
1136422.1
282735.3
107585.12
566281.8
952799.06
415183.3
33683.87
445312.84
451477.75
559545.25
228026.19
987397.56
492164.38
428698.66
303025.47
843934.06
540963.8
182294.3
805218.4
341316.47
402744.66
918295.8
875639.56
261922.05
636233.4
697498.8
824806.75
448280.28
651433.4
1811005.6
16009.402
591033.6
210188.38
390442.03
262475.7
529333.8
480683.5
1260588.0
314114.97
659205.8
840308.0
342631.97
744892.94
929484.3
1425035.9
641646.0
1100286.5
957238.25
412389.6
164103.25
304058.28
48486.617
5850.0186
5881.8833
1030008.06
167234.12
7139.5137
17279.65
