96359.805
1245589.6
267915.75
1993130.9
1839678.5
3577518.8
51814.08
939862.5
2781376.0
509578.12
8389135.0
1152844.5
1617411.0
2100635.0
366360.84
7745.0156
1229722.8
1228297.4
1097984.4
25710.314
112928.31
2565249.5
644127.56
2622151.0
281547.1
978887.25
4302907.0
2406359.5
2377402.8
45986.87
46958.496
2090970.0
2258501.0
459071.47
1393207.6
1600749.8
1638725.9
2293842.2
451411.3
342832.03
723410.8
45227.953
86369.74
18569.533
765380.25
595861.1
126909.84
432998.75
1510554.5
4757971.5
36483.633
40696.816
1440218.5
1805886.4
11671711.0
742906.9
4018278.8
1682355.4
1596104.2
1145183.9
1301100.0
829390.25
4653738.0
237961.83
2094481.5
741529.9
6952876.0
2043659.6
3110439.0
1174768.1
671559.5
606509.2
1291790.5
1012312.5
1294829.6
6822725.5
3842294.0
417648.2
676625.56
713935.2
929315.6
2474931.0
1164883.6
238634.5
826196.1
240222.2
126241.53
60507.76
68853.54
13888.88
