8113.4497
8736.197
1038373.2
748514.44
2545217.8
1838983.2
1325831.1
1040142.75
2600710.2
366291.7
21339.652
2896122.0
1134131.9
242440.5
1809414.8
912542.0
1414336.5
544597.1
1600447.5
3626178.5
151207.7
1453663.6
185435.06
3190429.8
1110631.8
604435.8
6280.63
2617215.0
2072508.2
4258560.0
1117230.0
27753.771
3876811.0
840019.9
3646060.0
553210.6
54631.844
55607.613
94407.805
3059593.8
759922.5
2018949.6
510463.38
566365.25
690371.9
2245868.5
2498.4097
1112123.8
80632.73
9735.137
4065352.8
207837.58
58287.152
88162.09
57003.04
324631.4
1394471.9
93542.88
1929719.1
321121.94
718647.4
1053681.6
2217748.8
1082116.5
160959.39
212184.05
2147650.2
742375.44
894508.06
35532.707
3059109.8
225239.98
150672.05
989565.7
222328.83
2247117.8
4125.6455
950.485
1017.944
604.55304
607.5302
960.7996
704653.2
964905.7
785783.6
685450.06
95397.82
1441091.8
148243.06
148243.06
148243.06
