1334600.2
551137.2
587894.0
6501.227
669776.0
258294.19
1174540.8
403986.8
1516409.9
255643.67
8308.635
156540.64
1183006.4
28761.346
1243525.4
1918547.0
1477125.4
341421.5
287048.47
811151.1
375355.1
218397.33
2506424.8
80987.91
1119305.2
175042.98
1084241.1
1657634.6
1258983.4
330673.9
158762.16
1579549.2
515483.97
1774747.5
559385.75
229165.34
258948.89
293299.72
397487.9
150668.33
61472.91
13104.141
304171.16
11095.565
21342.055
613306.06
10013.821
8730.728
9957.306
9954.848
9837.119
9941.421
9974.656
9934.518
9934.518
9982.253
9932.125
9736.344
9941.472
9941.472
