8668.027
59310.426
102782.055
267609.34
150497.06
243708.05
148357.1
407562.9
187190.67
72422.03
508968.12
1543050.9
431944.0
153236.28
308841.28
460886.16
315027.94
629538.25
1286698.1
801381.06
108623.49
16119.891
194361.48
12490.133
947943.1
1255621.8
46946.34
71851.0
1750260.8
321719.5
878983.6
509832.12
408780.34
216401.98
1950410.1
235424.27
2820508.8
1351619.9
4800669.5
70150.31
88209.586
1030515.7
1909842.0
364849.84
2142907.2
928784.25
724465.06
256470.53
36927.562
721105.06
1298209.0
2093065.6
311125.06
1536262.9
194166.36
1592268.2
1315815.8
785303.1
3278751.8
575462.75
3796601.2
5801.8516
11622.311
9542.187
31256.348
9155.603
