671514.4
865926.94
1625490.1
3384829.8
647317.56
33255.49
1612897.9
372209.84
420701.66
23834.086
2334.791
1418336.8
551493.9
846906.2
3458244.8
5882.9507
801375.94
11820.089
1710.4167
6046.925
20716.938
1437.672
4373.981
900.4182
2142007.5
413687.56
39398.734
125656.516
1046587.44
3157510.5
1193181.9
3764387.2
626947.7
135877.48
63662.51
898717.6
80735.01
132866.86
521870.22
262343.4
400337.5
1389881.9
743385.1
911093.2
287622.12
2370492.8
678236.75
2346774.5
287513.4
776812.5
369495.4
247455.38
103935.4
799871.7
195481.31
84197.85
810862.2
597917.25
854149.8
364146.3
178713.17
1161786.0
676307.75
1633857.4
547002.94
498259.47
296271.94
584204.9
34735.418
32626.465
1572986.8
1169561.8
1068060.8
1445497.0
647880.1
2397260.5
1430238.6
510759.78
712904.44
15212.656
1178608.4
92951.73
719604.8
228226.56
229521.44
1279832.1
41781.46
2002389.6
391665.9
37233.293
1604699.9
918467.6
1043566.94
1002001.2
1220353.9
381176.0
30109.7
309722.88
1353980.9
1083723.4
34035.273
1074215.6
1083099.0
1259685.9
492477.1
1707454.9
2211824.0
1338240.1
1416218.4
444914.84
16461.1
14616.766
