7404954.5
169474.31
1539813.6
571205.3
796510.06
2126276.5
912706.8
1022558.1
758747.94
1177074.8
482480.9
2767859.5
1315826.5
539327.9
1789543.4
409349.03
455136.22
987120.7
2911462.2
4313711.0
128456.04
1099632.4
1372800.0
339730.9
1180820.4
459312.88
527987.4
502372.0
1244330.5
2149850.5
463064.25
680415.0
1888643.8
888402.75
477900.44
618336.5
739954.0
428687.0
1526728.4
1923067.6
699428.6
2238764.8
3503506.0
1269304.8
792939.0
4993362.5
5623222.5
1984919.8
1547280.8
5510963.0
615728.1
6403600.5
1223135.2
217546.95
608210.94
316392.7
144905.16
13390.943
3799.6719
111283.91
