409767.03
2532178.0
897973.3
365760.28
202337.36
342559.12
3804859.2
245691.75
168691.64
277730.7
780758.25
760718.5
951991.56
2906571.2
1077863.2
754555.75
77155.26
574834.9
6628.2783
6380032.0
292353.84
1796813.8
547168.75
709984.5
1153486.5
1856225.8
1782939.2
701587.25
1565001.1
629156.7
41495.5
1774488.4
2571502.0
754307.8
6430730.0
892242.0
3081292.0
95422.91
783424.06
647024.5
451189.78
169204.89
1421580.2
258902.94
2366867.8
11767.148
2082829.4
19219.107
11611.265
11144.836
11137.112
11045.823
11118.418
11277.144
11060.001
11065.474
11311.268
