465620.66
55601.316
10097.916
183682.4
17299.25
1403.1677
2511973.0
146992.67
57849.34
17052.217
2048634.5
874045.7
1337873.6
930959.7
1403549.0
309678.12
7023229.0
244640.17
463965.75
927158.4
834854.0
339181.75
2725060.8
782864.25
707941.4
289939.6
620093.94
199063.88
1044561.2
144826.7
109308.04
222238.95
14199659.0
1001900.1
31824.865
1949738.0
484392.62
210295.23
209196.72
381536.7
1514432.5
1556184.5
737714.3
532221.2
2863847.0
184765.02
101569.625
167167.84
2426083.2
1209244.4
1211412.8
593857.75
199996.62
289810.25
2951225.5
1423380.0
1150431.8
1273550.6
399727.6
372353.44
252121.23
636008.4
49162.39
589273.44
6707339.5
8412.729
12795.129
6123.845
7425.822
6700.0435
9033.714
7714.9844
6624.07
5962.622
7495.063
2933861.5
23053.459
155541.48
7352.014
2805.6206
