672913.8
2380898.2
758064.75
416354.28
11072692.0
617475.5
1215373.9
1209621.6
473002.75
583465.56
1035322.2
132771.77
10454832.0
665068.2
1042511.1
1791698.0
169991.56
588354.5
255647.6
2553715.0
1738072.2
1251493.2
1429704.6
188463.47
2051739.9
541710.44
592843.5
2088955.2
4100191.8
1128215.0
3311020.0
59815.08
235189.83
1469543.9
1017302.56
898604.7
1080869.5
4194315.5
228460.88
642529.25
137996.73
2675374.8
2317761.0
613711.75
3016714.5
1380757.4
2436998.0
3997166.5
1545992.9
2012530.6
1943458.6
1673206.9
1853440.8
425822.84
1476767.5
2129528.2
3081622.2
2316624.0
2039446.4
61746.082
470555.22
677802.4
302790.06
144536.94
