1633207.5
9436.519
379740.25
423753.22
7937.4976
855160.2
1336208.0
19566.451
1126064.5
1038.6577
2054997.8
662411.75
525623.0
2793869.0
38985.227
1396164.6
295725.2
402731.78
1899131.6
847298.5
862815.8
1225788.9
366703.12
1189020.9
658551.3
1665606.8
101323.38
1480997.1
334144.47
97507.836
1352066.6
613523.25
951792.4
211743.28
1928461.1
1882980.1
614385.44
224409.5
123163.0
3514966.5
23874.281
238638.33
294096.9
1413242.0
1914003.0
457553.5
1322203.0
536176.1
103319.445
526213.9
188636.2
4241200.5
599803.6
767930.4
728542.25
312315.2
303817.88
267880.44
200247.88
370779.22
