263051.44
118339.625
182055.14
105490.945
395836.06
102574.99
2132915.0
1433831.8
393935.12
1077317.1
204158.75
512772.78
127524.93
113942.66
694922.25
286282.88
526483.6
893255.8
558796.44
441804.3
130440.34
17911.184
1156730.5
118337.7
459416.38
402311.56
595064.56
261103.67
93206.59
1265844.0
1996893.5
366973.56
171429.77
41124.605
11232.622
3922448.5
548701.6
421289.22
122591.88
219481.36
704648.56
27908.672
1258117.5
745295.75
161526.34
623367.3
2516243.5
1262247.9
2124121.0
1451354.1
1220135.2
2858152.5
640079.75
452375.03
250974.05
1569897.9
2483424.2
1735667.1
1231556.9
728832.6
37487.27
37400.64
4480647.5
125305.0
2939217.8
106584.51
853581.7
1310960.1
77481.05
111335.29
3393865.5
10144.651
21124.365
135342.58
76367.03
120900.38
102178.13
97850.6
117089.07
