641193.5
6435334.5
737712.0
3565606.8
3713561.5
997117.56
3395250.8
2933439.8
2694496.8
6244710.0
821399.3
8000731.0
2879896.0
647963.1
3030579.2
3038309.0
898608.94
6391475.5
1031483.9
2261881.5
568375.75
330490.06
1943943.4
1206332.1
530693.44
8959693.0
2297716.5
486992.25
46590.902
105336.17
11561.848
915621.94
10592.823
1619590.2
1472674.9
858622.94
204055.72
283619.97
10556039.0
277539.16
1345617.2
282456.25
1709786.6
141825.81
3256566.0
5385442.5
2245001.0
1132551.6
378588.62
1353580.4
1595168.2
5663591.0
878318.56
2672055.2
6082260.0
2878607.5
2249061.5
4541176.5
2363892.2
1301672.6
402070.75
1205518.5
722496.6
3158303.8
761230.1
453112.38
4427667.0
2180916.5
1578476.6
212670.14
2457129.5
1420041.4
2450554.0
3455109.0
2613251.0
1000274.75
4414434.5
511712.06
697614.3
12043956.0
1416171.8
8337876.5
187011.3
7210935.5
1142207.5
600996.9
752338.75
1164240.2
315528.34
1432851.1
4820314.0
1884941.0
796231.3
870233.06
4179175.5
1540755.2
4326596.0
1284133.6
3995093.2
5875294.5
672747.1
1168826.0
320181.44
2097146.6
1159990.5
8455599.0
1180696.6
986800.0
1375737.2
460056.0
2200706.0
1277829.4
2821404.0
1508820.6
3751142.5
1163214.2
1198182.2
2275847.5
3886497.5
3198945.2
