378197.3
1100256.2
2230215.0
305359.78
605671.0
181923.81
2809169.8
374400.22
330410.66
1905737.5
2336993.0
238405.47
769236.4
314031.03
598192.75
1168264.2
450651.25
909345.3
2204927.0
2786448.0
3585030.5
565551.1
1256098.5
1650804.6
296097.97
1160870.9
1427813.0
175629.98
1950766.6
610453.3
1913778.4
69383.34
582003.25
216313.42
513705.62
1279739.6
1741896.5
2067669.8
1805810.5
1701824.1
1540393.8
811884.7
1394690.9
817064.0
9812027.0
370013.75
1435436.1
907862.44
2558319.0
1752994.1
2513358.0
1934316.6
559675.6
399872.06
3141214.0
634200.6
1590278.0
2334826.2
2103819.0
1685807.8
1100579.5
199262.9
682918.25
772356.0
785771.4
6394379.0
1865225.1
1840162.1
63743.223
1969626.4
1549763.2
2889987.0
1082439.0
715398.06
514166.6
3246095.2
1461214.9
138305.83
2189678.8
607171.75
164429.23
625584.2
888321.1
684912.1
522945.12
93042.98
11904.841
11904.841
12015.419
4865984.5
471403.53
515242.53
1415007.1
511618.94
8773998.0
1297.297
5298.9473
208635.0
