1581144.4
2420806.2
4193487.0
1064122.9
510086.3
964724.7
751738.25
5429298.0
633109.7
265161.1
886216.7
1107725.8
943244.56
1257959.1
1075430.0
3083622.5
2704962.2
658291.8
407357.12
2082759.6
1410385.1
1829866.2
251840.27
561623.6
81869.266
1328373.4
3476593.8
5209396.5
2471123.5
3015313.2
2705731.2
1766126.4
2073063.1
1852755.9
1105150.4
405016.25
609285.2
922359.75
1471250.2
63828.406
1592303.5
2405767.8
2121116.2
1088163.9
490723.22
495700.78
1292404.8
705600.2
292116.25
1041395.1
669014.75
57920.97
13850.462
7159.552
29819.49
80437.37
21552.182
