3242076.0
158033.78
152756.94
272980.9
145770.7
40305.79
368153.88
878978.0
84873.35
688032.1
500989.78
1388097.5
688660.0
699327.8
1418082.0
196698.33
269131.9
143280.97
288048.9
205834.05
440353.56
3868634.8
565596.0
977779.5
441797.06
260289.03
1069823.1
359656.06
484936.53
383061.56
467626.06
656067.9
292772.97
1251866.0
630012.3
1143424.5
411419.66
380022.38
212025.69
64257.465
1152245.8
18975.877
1425981.5
500321.38
1371362.0
985080.3
624528.2
375148.88
368828.72
1531909.2
814161.06
243369.03
311102.84
325607.25
1378547.1
222849.38
381350.44
286395.12
163857.4
180154.56
1482429.4
755041.8
158160.66
203303.03
261001.62
293676.66
587787.7
329676.12
1450314.9
1170242.4
300023.03
292381.6
20606.426
17287.246
12850.033
7851666.5
5924.118
7749.573
6790.78
318781.88
148243.06
148243.06
148243.06
148243.06
148243.06
