410139.4
393616.47
678132.6
2410823.5
3523523.5
3607478.2
1482253.8
5104136.0
34778.39
306511.47
2898053.2
1746269.5
553874.94
2429508.0
1432862.9
1729439.0
661777.6
348231.38
421469.72
1561786.2
905476.2
746532.94
155862.89
4611501.5
2879331.5
799922.94
1124201.5
1182046.0
2436808.5
1693509.4
1429743.1
2279812.0
1412492.6
1925025.1
1763761.1
667679.2
943773.44
1109425.4
2743096.0
1291409.2
350954.88
489167.38
369432.5
435590.72
748903.8
165034.1
895895.25
776671.4
2091292.6
1049879.2
910596.56
5365025.5
53344.082
3755.1216
279996.2
7551.1406
7565.7236
11074.284
9775.424
367652.03
59.740067
1052.1654
572.4285
138.43144
441.86285
