19694.947
3456939.0
5289.0386
3285.2937
6099.924
2980.163
481034.7
2165966.0
1702355.2
1218086.2
1981226.0
2741752.0
474005.4
11022.193
44789.516
1219432.8
1564168.0
2877282.2
2083047.9
2190970.0
68026.65
187608.16
2002709.9
848194.4
1073365.6
54111.44
851643.7
691978.1
1190476.0
3729401.0
424186.8
405796.75
2268796.8
2831291.5
2185147.5
90109.68
155630.16
1001255.0
249602.48
896021.9
161299.17
101253.81
129394.37
1375110.1
1415365.8
201995.22
657439.75
392344.53
324759.03
674246.7
94789.98
3105892.0
2625895.2
71113.85
541651.4
1632159.5
195905.81
283613.7
1526463.0
6859.9
336520.72
3033335.5
12685.247
24282.943
356492.12
1972971.5
12785.934
88275.1
49227.24
7813.0576
313536.12
16424.2
16321.198
16402.098
16402.098
488228.16
21908.332
34833.74
44309.88
18064.6
12009.231
24535.137
12387.16
85784.37
27567.682
7971.0234
