5483355.5
81398.516
2248307.8
550139.06
321541.88
3801241.8
2069010.9
3816425.8
1647739.1
40910.867
1801970.2
1232077.0
1398553.8
1244691.0
2680214.0
1614476.8
151387.83
261219.6
1238090.1
512696.03
370348.25
396456.53
2086912.4
1150600.0
7233361.0
906357.06
1251802.8
1252871.0
7422081.5
155450.06
1296136.0
4852531.0
8756903.0
113362.84
2127594.5
2888775.0
3421833.5
801986.06
599243.6
879282.7
22142.48
658231.94
531445.44
3403310.0
2249211.8
2634718.8
1325165.1
1237542.1
2571311.8
1750924.2
1057339.1
1689055.4
675103.2
6598108.5
3017754.0
1444218.0
510569.34
166322.23
12572.905
507838.72
