386795.2
1302023.2
956076.75
398231.56
625080.1
278977.12
664421.25
127556.88
805561.2
61491.117
16627.709
34662.75
632975.0
981879.1
485328.28
795481.1
389248.75
117402.73
2218031.0
484558.12
365653.03
225527.45
1623556.9
67056.7
1174151.2
17236.092
1637131.2
49875.043
57538.758
1151142.4
32786.336
721260.8
22865.166
5434237.5
68328.87
69649.086
12310.4795
5015.1465
64517.45
32267.248
66481.67
138931.45
161618.88
168652.22
369672.44
1874177.6
1167968.9
442238.03
1616184.4
95727.87
1059564.5
60624.83
26696.682
462355.03
21873.242
3185799.5
52790.047
48634.89
323519.7
