872263.6
61526.082
55150.734
151794.73
643900.5
11303.81
7788.419
16305.547
25645.287
1154954.9
43192.242
926856.1
5095.122
12267.393
6422.682
6762.353
3325.7727
12791.288
2421276.0
43420.34
8187.327
19961.21
25601.734
10212.583
23375.44
54220.375
7938.051
36689.543
1200615.4
71280.42
65253.95
441729.1
156035.33
138746.39
5999865.0
4123.0684
7611.76
7498.834
1613174.5
20640.006
7913.866
11653.39
17149.588
1170220.5
3274.499
2015.0056
15725.579
1684.5326
1711800.6
13156.767
18708.678
20063.55
3393885.8
22601.674
3432.7522
20079.887
6805.4785
12128.05
1208151.5
63721.2
1674270.8
151574.83
247219.08
2186996.0
36611.062
93509.29
199708.42
3340543.8
90808.32
2705630.8
43282.965
13182.026
801985.1
55787.03
72526.93
1629294.8
1227189.9
20367.795
2802381.5
540762.9
1485123.4
33508.137
248178.42
1345902.1
4696.1514
13564.059
9279.283
7284.8643
9202.716
6725.403
8357.606
184160.56
7999087.0
985747.25
150907.25
149275.23
238799.16
556852.3
