11416300.0
1488680.1
4186883.2
125316.93
740347.25
837260.94
1057689.5
1102120.2
1878552.8
51982.89
74988.375
37466.55
254037.14
629655.6
110257.33
64448.332
122998.31
164075.77
155079.42
1726241.9
2094923.9
438664.7
595154.5
1938222.1
19486.158
1101024.4
393378.78
115847.24
436568.9
199354.53
1997973.9
791637.25
240355.66
268625.16
2732201.2
1058971.2
3714408.2
116904.57
3017088.8
56767.09
1292545.2
11439.825
1321138.6
2461375.5
28486.322
680814.06
1286332.5
644455.5
2685.147
3828.847
415727.75
33565.613
3432434.5
774955.3
3709822.0
1643636.4
804468.8
387741.78
98721.32
81503.836
2660025.8
281840.8
2637476.8
24153.668
990658.75
1056391.0
3120783.0
1147133.1
133644.56
1163827.6
226076.2
552821.9
498223.22
1226700.8
982411.25
865094.56
2402675.2
1483239.8
179924.11
1641432.9
551452.06
856242.4
3551864.8
2951905.2
182183.56
1756729.4
297431.28
402220.3
60695.74
1458238.4
1604010.6
5495134.0
1157217.0
960218.44
1103919.2
295720.97
2529335.8
1097075.8
6203.428
627559.94
47456.164
30151.383
209650.31
227090.02
1193936.6
309101.25
156177.33
1384418.9
1688094.4
