41216.0
545040.94
40716.516
662071.06
248072.56
1430972.2
137233.6
253129.27
4943029.5
86281.87
1019589.94
42492.945
853873.94
276837.88
12342.827
3172.6638
5617.9893
1746.1804
332085.38
1571798.2
589524.56
1223474.5
63351.754
69526.36
62951.188
48849.047
78703.82
706549.2
256251.03
486360.25
76540.98
306472.16
244472.3
157555.95
125113.74
82215.95
1371415.8
956249.1
30738.006
110090.266
1332013.4
517875.1
154104.27
1999865.1
141017.05
425310.0
595700.44
737977.25
10878.104
7755.987
1317998.6
250028.48
368185.7
657499.7
891258.75
1004505.9
27728.455
59388.992
41723.06
480697.22
209881.17
682886.4
1071217.4
179820.89
442541.44
61079.17
553267.06
131851.75
66260.98
44000.277
49405.49
367174.97
471273.7
232619.61
3399214.5
23587.236
27010.365
48055.684
59510.195
69954.45
108578.6
69544.73
89313.81
51238.88
5066057.5
323995.25
5357.8716
17647.967
