1336306.2
1618073.1
135264.92
8227831.0
339190.97
216878.61
3515230.0
3028532.5
234044.53
1011612.0
266222.4
663212.4
2810743.2
342493.84
47039.402
227016.02
219099.75
79122.7
110811.84
15034.135
24973.115
61678.86
65544.086
918782.94
894955.2
376927.1
727964.8
109038.55
183862.48
347063.16
608910.25
1591366.1
24585.578
6103.619
15508.034
14351.695
15183850.0
24883.273
23964.885
454867.1
59649.605
59061.53
59217.105
597689.75
1053803.2
612173.25
1858467.0
2379196.0
439900.44
329581.53
488648.38
402507.16
402529.88
