2920211.0
443133.72
89991.58
57197.848
130244.0
264817.03
108496.266
74910.2
45586.46
32632.025
231947.36
4597025.5
1233989.6
924210.5
2659175.8
432270.94
1046438.94
363690.72
1412000.4
28853.445
37393.203
1624.0868
2058889.6
59558.035
63486.254
2616901.5
2184774.8
63172.18
1625511.8
4342.1104
1061.8071
32143.584
19334.46
87267.82
81301.94
1165520.1
46873.055
1671723.1
1008592.8
37028.22
2213478.8
58860.785
68657.83
965216.6
274919.7
13714.77
49326.43
2695041.0
1175176.2
2688003.5
2965380.5
48986.246
1665834.5
560498.75
25466.697
2374539.5
1666609.6
76686.26
3527790.5
15164.933
93686.555
37794.844
192984.5
2330224.5
944956.44
9601.053
15082.7705
6009548.5
245286.47
609007.4
1300656.0
3394982.5
1049561.4
3765375.8
1711289.1
1414773.0
191698.6
560454.94
689321.75
1595396.1
37176.69
1196760.8
71981.95
4568274.5
14291.826
2821924.0
197235.27
3242503.2
1118778.1
2276047.5
255762.53
2773662.8
330026.12
501669.2
1321192.1
4461220.5
199217.53
5404238.5
6377611.5
1405677.2
703422.06
128093.1
447204.0
1045697.3
2008097.0
2232447.5
1051034.2
5842505.0
1965192.5
1425684.5
3736585.0
1094396.8
3445353.5
2306945.0
72954.04
4023183.0
1872400.1
1837583.9
148027.36
414889.1
