6902544.5
979580.0
937902.75
1328535.4
1174258.8
1597022.0
3496552.0
1917286.8
208195.84
905161.75
857158.3
2803304.2
1200493.1
248478.56
448595.28
96062.984
708818.1
2835262.8
648857.75
1649926.6
1815906.2
3478367.8
241080.69
3194120.8
2460259.0
1393703.2
1110123.2
264674.5
60334.7
1107208.5
1759584.9
1096032.8
3226274.8
1412596.8
1089969.0
876928.5
891748.75
1392335.8
1098406.5
67935.805
1167999.9
1897792.5
187053.53
3426456.0
2800597.5
549189.2
207000.81
58612.867
1665744.6
548096.3
1700556.8
1055835.0
468897.94
1798525.9
8108833.5
97911.5
398549.78
5703.8105
5822.5933
5498.6577
1364152.0
148243.06
