148243.06
7575720.0
207792.53
420042.72
463543.84
2594565.2
2034473.9
278317.3
445207.44
141395.34
1081782.9
1765477.6
2086651.5
810363.06
45215.44
967489.6
1464414.2
1169631.8
1319141.9
201446.97
74735.05
1077687.4
1777750.2
35914.023
1342611.5
2087947.6
2474515.5
401205.06
1342628.5
567691.8
43206.895
414513.47
192280.08
357515.28
2195432.8
294717.2
1249121.8
203547.56
69612.305
730143.6
834151.06
6586807.0
845019.7
179087.55
2617823.0
2946921.8
1336221.5
66411.48
2713119.2
100091.58
1257032.4
1009970.56
85893.52
107995.36
38836.934
1853481.6
269068.97
1049326.8
251186.5
6035640.0
3319011.8
96790.76
646817.94
187927.67
175226.12
294498.78
828025.4
417997.2
472777.47
335417.6
423745.3
259599.28
204508.1
8300.392
719230.25
148243.06
148243.06
