4188.489
1222749.0
547976.9
662075.9
1395739.6
488664.78
1406403.1
1383417.0
33085.473
857465.44
1831229.5
2139133.8
627611.6
814923.3
129481.016
25948.605
1069252.2
532219.4
2950066.2
90911.33
1197053.0
1247.2673
2444.6877
1711.9753
1331534.1
14635.213
689738.4
617348.06
1412030.1
1270170.2
2492702.5
67524.47
696909.94
616759.5
429718.3
1353065.2
872806.2
1486247.2
1218911.8
1367656.0
126944.09
38656.785
250466.27
427830.56
1141467.1
374552.56
21272.762
307708.5
1389534.8
452407.72
1087942.0
1386133.9
293113.78
449286.7
668178.56
1698757.5
10965.512
9681.744
863.5269
859.5841
