535649.25
2403218.0
1641554.6
1174076.4
369780.4
2527848.0
442520.78
62063.973
20768.643
2179884.0
223757.38
1113246.5
1654097.4
3278472.8
60888.246
104729.32
1454681.9
223029.7
390355.25
195826.08
221110.12
717365.75
406150.66
2041914.2
2056233.4
483493.3
7225.9272
15000.1045
42840.797
41744.758
16957.135
18639.443
903165.9
598527.3
520591.34
370408.9
328303.66
278898.47
494244.72
450259.75
335461.8
339621.12
363832.38
584151.9
562892.7
237302.42
469189.72
138591.81
257599.05
21119.275
81976.336
19494.736
35269.344
4264062.0
439200.06
338732.9
1847493.1
849647.5
896419.3
1897824.9
445811.75
52855.516
62096.133
308714.34
71508.61
64006.14
3147066.0
