2688.7205
2681.4531
1396.565
1415.2809
1487463.1
29196.676
1133204.0
970743.75
1922907.9
1026360.2
5069955.0
2201773.8
350115.97
1625548.0
327200.97
1097711.4
2883016.2
1063541.1
1193187.6
540016.8
2552395.8
404078.78
142222.0
3213263.8
57438.79
91801.375
788862.06
122095.01
108839.71
92682.18
202318.86
185644.81
2265080.5
2346802.5
3372746.0
2626986.5
128710.555
670745.3
1596109.9
1539143.0
569880.5
291428.94
32011.703
21794.451
1103070.0
3877.2227
347.24738
767.27606
104.59009
352127.6
8335368.5
940403.1
2441309.8
235719.44
643166.3
240717.48
555544.6
3755247.8
747708.3
772258.2
1766467.6
82927.79
1576983.2
153739.83
67302.82
206760.16
126868.52
191265.77
199674.11
73298.82
2726307.0
316257.4
453151.5
1014140.7
245104.05
1162388.2
660830.5
280880.1
31836.178
16509.898
260287.9
9532742.0
557716.8
6760.661
