324821.4
883099.75
806528.9
13848.936
10859.225
7422.075
1796216.9
7359.1274
17429.143
4620957.5
2426.752
1284838.5
4915818.0
11471.362
2799.8284
13335.168
21874.797
22762.05
35631.855
24201.262
639.23114
26033.65
21023.205
77657.45
503098.62
148243.06
15365.695
71339.63
5819.9663
670161.25
1195510.1
381213.97
3052.6824
4927122.5
2911.604
3319.0085
170514.12
97705.195
562205.4
4831.1187
10305.91
29360.486
20807.492
65905.375
867863.5
519267.62
2035623.9
18251.06
27066.068
14455.774
7743.4087
971755.6
2242569.2
42930.035
69314.14
367268.3
255267.56
288870.25
297627.66
346161.84
4609041.5
1651313.8
5345959.5
1544606.6
1664441.9
1899871.1
1162783.6
2457068.2
2478740.2
45247.168
1652134.9
263830.53
3287.3867
16864.754
14493.12
1536445.9
672002.1
600029.44
1407536.5
5568903.5
2803900.5
574572.8
3145396.8
703645.44
2316855.5
399841.28
879357.6
1119400.6
3118430.2
1791209.2
3646166.0
638128.75
1059241.9
2303380.5
601491.2
6363204.0
248633.11
3275397.0
8661.707
101487.9
1866363.1
44272.668
3909917.2
1233562.9
232543.14
196166.64
32203.273
886166.56
315.2459
2152217.5
478969.22
534379.5
24338.541
1483234.2
