7880.3213
11112.864
1623240.8
1720936.6
17093.932
383885.7
93805.56
24956.127
570304.7
5725487.5
12926.943
1833.0626
23883.465
11238.094
4745803.5
4443.246
4395918.0
107943.64
198955.6
74615.2
160967.84
2538662.0
122145.98
130842.62
65828.81
83609.15
59117.99
39388.516
10137.166
1949.4525
1745431.6
2021705.8
591975.0
102182.62
463037.28
46113.43
437225.34
134602.48
158903.12
3198334.8
426765.1
847927.56
937280.5
199017.83
6284141.0
31104.982
1395045.1
12042.985
58641.86
633265.56
6315.1704
4057.0225
2646.573
5421.995
1230419.2
18831.496
1318785.9
370586.9
408266.0
168370.58
1048249.6
7924.4883
4689.795
4818.153
57146.13
8112.524
2857.1587
1467.4781
4706.3145
15896.44
2522.3894
11404.927
4926.8086
2007.5466
3946.9712
2634.8088
2003.174
4895.633
1911.0339
2132.099
5827.291
3052.897
930.2378
6050265.5
195878.44
118395.3
133219.52
