213357.38
1682488.2
693352.8
606660.3
587867.94
307930.53
1554328.2
381906.9
6036.201
23750.586
447189.06
1478958.1
841204.8
403767.47
738564.75
701849.7
800811.2
1239777.8
612065.4
513691.28
727688.75
5065.9644
6195.2793
1091035.4
7078.0864
639293.4
455014.9
1337808.2
3563356.5
514782.72
323186.0
18968.482
1918865.2
11355.881
40750.598
10238.89
44566.223
170665.1
84016.04
6178.7603
162485.64
2000291.6
249278.27
2653749.8
1261672.9
464845.22
859401.1
4426816.0
1317930.9
1269943.5
2445.9397
13406.129
15194.368
24838.14
409331.88
1514572.9
247602.53
738874.2
658730.7
84211.16
73083.84
19295.65
