1486.8855
1637.2463
5311.926
1167.3801
17558.254
5551.8936
2276.9421
484.03476
434.04126
708.44135
1676.3004
1323.4409
3508.8538
3587.5952
2957.4539
1281.413
775.62744
4486.8354
430.06412
2764.5964
4872.863
4019.128
2393.7375
4087.673
2407.869
7950.8296
3404.2446
1388.7188
875.05444
5196.4395
3330.3562
1279.3657
4334.054
3570.8652
1461.0748
5141.0527
1744.9774
858.5409
3187.9287
449.90958
5940.973
3871.3696
1020.5119
845.083
2743.9854
2224.85
4886.963
2804.205
825.79565
5582.719
2818.7095
2110.6958
1247.2032
7015.1484
2019.0011
4502.087
3573.9248
3888.912
280.74475
2862.2656
5076.9272
2783.3958
3467.3286
4224.98
1044.0515
1824.1042
4015.9014
2993.2102
1279.7556
642.7553
290.22656
5469.6143
3172.284
20656.791
9229.785
1208.2523
