143404.42
181651.89
286786.34
126102.55
8054069.5
581786.94
122173.36
1129265.6
396070.56
190528.05
2404050.5
58208.883
603500.5
114533.16
1733957.1
1110455.9
858610.4
160896.92
979589.0
1728763.1
845310.8
1717642.6
1602214.9
287452.44
2664690.5
2058949.5
986264.5
1420308.6
544251.2
4506196.5
305401.9
915694.44
678126.75
421776.44
6545494.0
1497386.2
3366809.2
229263.64
113617.44
1410585.0
2101445.8
936747.6
1039327.06
514818.22
976370.25
504065.06
530151.3
346256.0
1034622.5
642580.0
42684.695
5026.8955
5238.583
5104.9683
5315.6025
