163570.94
1576366.1
1592595.6
48920.785
3899406.5
70227.58
1049800.8
1776301.0
393653.62
197499.11
258371.64
18351.049
92976.25
1262719.6
820807.3
98142.695
7061265.0
459086.28
72802.57
527458.0
6096.33
7251.948
16656.086
1408758.2
8335470.0
26174.701
7865.3955
40661.734
27087.807
11166538.0
673102.1
89220.33
76620.12
76674.64
822127.44
199077.61
1550286.0
1495125.9
349801.53
2284647.2
84859.54
687421.56
1880529.0
867055.25
360604.22
26046.178
323901.84
79948.19
1461795.9
250945.0
227148.38
739567.2
4094358.5
646186.5
703649.75
18652.416
4759.4736
7200.2827
1226701.1
604850.56
6819729.0
9462.541
61012.316
2133181.5
2626.7358
