148243.06
7385298.0
27134.428
21846.672
5671.211
1702360.0
48896.766
21773.246
313591.4
1530990.1
146620.55
1658691.5
3140021.2
514796.44
269281.6
108613.805
1115741.6
138046.92
207751.52
1095598.8
49195.797
39778.63
19323.748
961841.7
2154128.2
860013.9
765254.0
2594.9602
19487.027
3614447.5
459105.66
402539.75
3060962.2
879135.0
1102243.9
891825.94
139633.22
1141294.8
382831.06
5496530.5
341772.44
827637.44
30794.361
3253.7153
201458.17
112998.25
2035103.1
2004317.0
2513315.8
239758.2
800972.7
7600.6973
10914.55
6040203.5
137336.6
3210.5935
44552.566
14373.039
477520.75
812252.1
520310.88
196120.66
205855.67
148243.06
148243.06
