116057.26
93001.14
238103.03
1498428.1
55103.44
106484.125
490588.2
1101861.5
1135975.5
249409.53
915838.0
425388.25
2986629.2
501815.47
256375.88
105218.9
163182.84
590649.44
866980.6
854646.44
1350909.1
6896.1675
470956.88
381228.03
29588.096
45092.812
6978.939
1308431.4
2376475.8
2010323.9
32134.201
726579.0
778940.5
3051819.8
1194753.5
1200030.8
127300.01
61657.87
105648.31
28719.92
899042.7
1519648.9
215280.9
75563.46
684048.7
207378.27
1150330.4
96628.19
140803.92
1349595.1
38116.516
19004.492
21639.453
2452133.0
96191.44
