330723.75
51932.086
19188.701
22405.83
20816.154
21901.41
21911.87
248272.86
5644518.0
5574533.5
678051.56
622690.0
346439.7
337096.56
3004908.0
2023489.0
4545898.5
204212.06
224682.36
4035236.8
492842.2
4182799.0
450153.88
260075.88
6776510.0
3715939.0
573613.9
1275129.5
543479.56
1091940.9
2663478.2
1408330.4
4604784.5
449708.3
935695.94
9406750.0
847709.7
1556753.6
1148852.0
5518394.5
311706.94
679010.44
495499.88
3093223.2
3765535.0
8141472.5
323568.66
2165994.8
1266783.5
98579.18
1894227.8
684133.4
905413.75
1539225.8
9191067.0
347293.97
673544.9
1564111.6
1841083.0
7707295.5
4275555.5
246741.64
39127.977
70892.53
51296.41
16459.184
54089.51
222466.22
4855648.0
