9337.163
9132.646
8877.982
8877.982
2942006.2
51195.035
2389330.2
358442.75
3227318.8
1585450.5
1735106.0
1626752.2
36642.46
316261.44
1133925.0
4105188.8
129759.35
41442.766
6939941.5
3175.4104
817555.06
1083.3478
2117.9087
12798.821
14704.228
584605.75
1138875.8
1218712.9
1578364.2
708900.44
2733197.0
115067.414
4169791.5
3318521.8
164407.33
34134.64
1175457.6
8316.738
121989.1
191518.58
619184.6
800114.9
1832065.1
968734.06
148246.3
189646.88
19704.506
2984.6497
110146.08
72774.336
72585.39
72714.766
72714.766
4745967.0
972303.1
501465.47
1490935.2
427608.78
1966998.6
308583.53
224813.5
286215.7
888473.3
103830.72
441675.28
18677.08
86549.39
124866.69
30043.451
498854.03
349856.88
2389663.0
836902.4
261206.75
287249.97
520364.28
563484.9
38923.14
818326.25
271312.9
407405.4
1485394.4
238124.23
2231225.8
240539.58
254961.38
867454.5
907006.8
335672.28
772802.8
515689.84
72409.56
71362.79
72211.72
72211.72
72211.72
72174.39
5669242.5
1593149.0
745983.6
190691.66
433874.75
102195.02
379348.47
885637.6
1027461.7
1889159.8
774056.5
87094.72
2122371.5
1491311.8
1506897.5
477907.44
