479878.75
7685.574
1771.6116
4304.173
2411707.5
5408.224
3825096.2
3898.196
2336171.0
5136017.5
54269.137
64664.68
2828946.8
1962128.4
2206909.8
2407070.0
1714281.5
2851950.5
1557489.2
1294692.8
61449.492
1065309.4
802273.3
222589.11
768867.6
355050.44
1083657.8
972683.8
110850.02
148243.06
148243.06
1239269.8
148243.06
323848.22
352839.97
2104898.8
636296.06
2553035.2
2939541.8
5908609.5
1784948.6
1856106.1
1810791.6
1220921.9
1891714.8
32011.162
1643707.8
4613151.0
704598.6
2651528.8
508908.3
2723877.0
1787722.9
17357.926
25765.242
11810.271
11451.158
22028.475
19068.082
28438.0
16430.312
17586.707
29248.504
29734.982
39677.316
25864.186
25659.074
28128.12
20977.104
19976.426
15746.883
15638.92
22515.824
17965.697
1910932.0
1022338.75
447826.2
1649591.9
316511.06
271525.53
2891536.2
8938.688
24765.94
99643.76
55505.098
31646.756
102688.26
33495.67
209106.36
179536.73
89529.19
122369.6
123091.06
2632775.0
2383241.8
2290672.2
2244504.8
1000087.2
1432952.1
86547.97
1350831.5
373737.16
150333.7
811440.44
32205.055
11174.435
34993.516
23092.65
29731.531
25449.414
37891.457
76211.875
62669.625
52587.88
71416.164
72389.1
88399.84
58757.24
63232.54
55059.332
