574812.7
1502898.6
3263533.0
3017559.0
2072036.8
3551420.0
409718.0
3006947.2
1417333.6
1290463.6
2916923.2
1253029.4
610660.5
498007.22
408473.66
895110.75
3223227.2
2176553.8
1320087.2
1269675.2
764528.44
3901875.5
1767136.2
1832641.9
433264.22
272614.7
115812.86
1337204.9
1238765.2
1282064.5
2281161.2
1062577.8
1830408.2
2231811.2
2072232.1
2958685.2
1766108.2
2572817.2
613409.56
1896245.8
1042804.06
164798.28
1596060.8
91586.41
1442418.8
1881002.6
473973.2
2271756.5
2317672.8
3002131.0
3474472.8
974632.56
878069.2
3457653.2
3363680.5
6429968.5
5035823.0
39279.168
5697.735
176356.45
106569.94
