12080.233
3844304.0
3255024.0
714368.3
515955.03
4181868.2
237588.66
422100.97
506510.66
1044592.1
820574.6
1560166.1
2209981.2
1648154.1
848159.6
502718.0
361929.0
438499.4
84361.336
931829.44
410938.34
414979.72
655833.75
270046.44
3109608.2
1673599.6
2588449.2
3181715.8
345530.03
89150.67
389096.44
605444.94
828009.94
69894.266
58055.047
213428.77
561918.8
182824.52
196468.11
249984.58
1827903.1
1384528.4
4279945.5
1308999.1
473390.56
103275.164
796513.56
310485.84
3941677.5
132720.97
4654777.5
2971479.0
1297519.1
12442.939
131569.61
5765315.5
1671036.6
1610523.0
1601978.4
17953.816
85008.055
228657.48
570350.5
42178.973
66070.2
10016.565
1390390.4
1433.2537
7564.0806
11325.158
5054.7017
28495.354
19941.156
20301.285
1310.408
15821.71
621648.8
4512.055
23600.21
15323.263
9169.843
3412531.5
1063489.5
1896684.2
718875.06
2578515.8
249038.05
476984.22
3665031.5
184877.42
213996.17
120461.24
675.9703
1874.8171
767.0677
743.1691
294160.9
245090.81
