4614974.5
3139582.8
4392646.5
2959964.5
2252808.8
708894.56
538952.2
460988.7
1819589.8
74674.89
22588.295
141085.14
3648488.5
2220997.8
1335457.1
202885.14
789.0834
2246702.0
875.29315
5807780.0
2049.0078
2479250.5
1632.0308
646726.94
207288.73
67921.56
167022.44
359583.0
143665.2
226973.73
714078.94
3619350.2
16782.059
3879453.8
129064.5
577022.44
43570.02
310298.22
619681.5
4181165.0
1673629.1
1209023.5
2032051.8
13294.35
22232.95
1635706.9
487910.94
363669.97
1456550.4
5595.21
3176714.0
1485965.1
808002.5
880092.25
1026131.9
899792.1
1318331.2
352039.88
1931901.8
962258.6
123032.14
288560.7
1209815.8
1766036.4
1530987.9
1082103.8
3106224.8
1633512.1
2083386.0
1004634.06
908735.8
892763.75
1430339.5
621778.7
1015818.9
315821.75
820402.2
1216102.5
816476.9
582735.56
146286.5
770324.0
765788.5
2477551.2
1477872.9
294943.16
10886.011
10390.604
10729.246
10729.246
