95166.375
131686.4
20720.436
23300.39
5867.8135
25604.102
16278.108
10453.611
67135.375
457396.97
73166.67
159388.33
136171.45
87890.35
85044.9
592072.6
350349.84
63456.79
123429.0
118156.14
152114.12
246183.81
169287.42
66462.41
20054.043
23959.41
93936.15
207758.22
209213.58
49024.383
193124.8
46090.535
77078.76
26440.04
9629.684
41378.973
16762.441
21613.14
26933.314
85929.37
90975.555
125776.26
47457.293
222624.4
46326.035
177139.4
47876.96
18522.383
16400.672
23574.45
81731.07
9326.62
5066.9326
5324.7847
27531.906
41134.367
47087.79
144336.1
75919.75
56479.977
67388.734
21994.82
39871.15
447936.8
1747086.1
2494164.8
171019.83
773309.3
2061213.6
1604720.8
126026.42
72993.64
103447.42
251590.81
294173.8
256416.95
27706.252
27868.045
52186.613
26031.121
23028.91
97825.195
194408.66
402401.66
927716.44
320413.84
157932.56
100157.48
196286.67
727078.4
3154736.5
407519.16
178285.19
54034.043
162373.27
1208177.4
40009.633
416440.78
125546.65
127970.89
1411157.0
