733.78937
2753.0186
157798.47
148243.06
7645791.0
543054.2
1135258.4
1175319.2
627644.25
374385.5
263854.94
2066718.4
1569981.8
106005.03
29356.357
82563.67
114369.414
48872.562
1818058.8
256852.52
205617.7
107605.555
60341.31
245507.7
3042866.5
361012.12
318052.22
521656.3
433075.62
124273.664
95361.8
73023.67
1966038.4
139892.66
1566138.5
54918.707
27700.654
43924.22
56048.895
32535.766
15869.3955
20615.871
6080.9336
68682.34
1435843.4
3194964.5
1068345.9
945191.06
1143903.5
1268007.1
121968.01
1568476.6
506383.34
1268693.0
2680810.0
12824.402
457804.56
208656.53
2131966.0
253745.73
219972.02
177936.11
3863227.8
1178165.6
79352.95
181990.27
1081509.6
641484.9
804299.25
660448.0
212881.66
2377229.8
391626.06
284421.0
273681.9
320681.22
306992.78
297835.34
190155.42
2326218.0
877636.9
1169072.0
1544496.5
739010.6
715265.6
666617.0
1986255.4
1464176.5
2127752.2
207869.6
553294.8
4992930.5
55944.062
19080.754
219482.45
