18493.562
207914.33
683142.1
455891.6
689172.06
262863.75
220369.2
4063684.5
676542.1
39322.582
484001.56
181811.55
2733385.2
1854083.9
80059.73
73614.39
3594404.8
5733601.0
248630.11
22361.902
10628257.0
1940784.4
17064.951
4989.185
218663.58
122257.48
1616327.1
4665306.0
1064925.8
446626.56
567832.75
68372.664
7294541.5
71203.82
808180.2
32625.748
27188.924
922225.8
2324967.0
622700.3
358621.7
4882875.0
1016305.9
672567.9
1914098.8
946469.4
378228.28
12676194.0
410732.88
82700.305
919933.8
1280682.0
173731.44
218410.78
2256186.8
70355.44
19435.404
4022876.8
1413838.4
5086738.5
50600.273
74763.984
1826937.4
1204028.8
787031.1
1010546.9
5851736.0
3051251.0
3015695.5
759235.56
163273.27
3597743.2
4369435.5
470530.62
1896245.6
705628.8
1342929.0
909275.7
1211984.5
2330639.8
1697369.4
8881515.0
1150394.8
60032.613
2084289.8
4693918.5
262012.92
77248.13
559416.5
544716.0
1635891.6
3065886.8
48895.98
3652017.5
33848.92
1677372.9
587287.06
195686.31
379069.12
12810.674
549702.4
4613386.5
340331.1
250573.8
4133133.5
8973.286
905159.8
4035510.5
1307171.1
7449487.0
1238162.9
