4561211.5
897600.6
131843.25
239103.67
1171144.5
994827.1
1839258.0
958347.1
137922.12
1193162.8
244894.05
260782.61
705325.9
196234.64
71482.4
3588459.8
1826979.8
2073256.4
870192.2
303740.62
3177576.5
157646.81
868048.56
3412866.5
27645.357
69339.586
2200919.5
177075.47
1507786.8
854932.56
2432772.8
163073.73
365209.56
190443.2
676987.1
1507200.5
269834.28
3843670.2
2405252.8
2925917.8
2650884.5
59936.555
707193.94
59020.242
115876.23
29119.787
513682.03
103707.14
233254.1
171076.9
732740.3
36391.98
119577.83
191552.4
2985439.0
464620.88
2487706.2
1229695.1
1148596.2
1661976.1
353483.97
3573313.8
757179.1
110154.945
766623.6
812021.06
2007205.5
269302.1
4973836.5
1236608.0
209743.31
1547860.6
1746536.0
1358578.4
1325065.8
2984121.5
242967.67
2050490.6
702546.1
2173887.0
166389.53
471896.78
973634.94
13085.283
3399439.5
1510018.0
2847493.8
4208655.0
93724.86
146605.73
27050.385
44080.562
8079.3916
24838.506
17581.332
119227.33
147540.72
