20883.832
14910.008
19931.623
14116.64
106772.945
6736246.5
37598.242
3420181.8
382824.22
190538.08
657455.9
6383.2734
67565.234
46198.066
5093980.0
97634.82
845274.56
11031.776
14073.594
9584.7295
20938.764
3371697.5
174529.66
27913.969
14589.43
26332.092
138909.95
659783.44
16792.594
18644.822
19190.008
16698.68
48045.69
1100363.0
1045161.75
2307495.5
731886.9
326490.3
184978.44
55834.867
53825.664
179288.77
1472123.0
23019.928
5689.439
23296.72
3188554.5
19991.547
74289.2
346724.34
5080.5674
33124.85
12309.229
11282.911
390154.88
21685.625
25600.63
131324.84
67328.164
8920.559
12606.42
65110.75
19370.814
22962.943
13161.694
6508.9917
11680.9375
11873.9795
7356.713
124871.984
672629.44
