227635.16
6525541.0
123581.92
5714647.0
580481.7
1948533.9
1050249.1
179249.03
2718339.0
5849543.5
1781669.6
3747271.0
1324817.2
779743.1
1365884.0
3008363.5
501380.84
1986413.9
549676.3
3418904.0
4061415.0
1774217.9
8113143.0
155447.98
1748302.4
1432942.6
996393.5
1199429.9
1085345.9
1729755.9
2276603.8
1091734.5
750983.7
1092545.5
1931517.1
2187745.5
3540681.0
559435.25
1858824.0
2431135.2
844363.8
2081694.1
1782873.4
33440.75
947766.3
168375.97
2469160.0
358318.8
941108.3
7651076.5
2268024.2
1444974.1
487227.56
384814.1
2971072.0
8914572.0
1470983.8
212627.86
24946.637
24946.637
