492371.44
314265.03
246525.89
214668.22
278190.22
332532.78
250936.64
132894.11
958425.5
2582901.5
786464.3
519149.06
77006.85
993513.2
878864.7
1245982.2
239499.11
2185261.0
2246770.5
1256380.6
1410797.6
1248395.6
1878976.6
1132404.6
631822.7
2102524.8
440960.72
1390086.4
553273.75
468587.06
782998.2
456951.88
1197687.1
278360.62
381178.16
211152.05
354843.44
181745.36
192973.1
274509.44
444846.12
2054914.9
735231.0
551766.56
484008.94
227139.8
646774.9
666273.94
2528718.2
3613943.0
1070381.9
344169.2
90971.22
374700.8
1718364.2
255620.44
3660708.0
744042.44
732782.5
803785.7
848033.1
715034.56
500533.66
395806.12
118961.27
552460.9
1819311.2
1195827.8
2135276.8
2118903.0
987296.9
2748433.0
1443396.8
19805.96
429412.34
431133.38
1439408.8
308898.9
135978.97
160257.55
153516.12
53317.605
320993.75
54267.68
13768.712
664848.5
7149.0522
121606.336
6070.14
5628.794
6109.1113
6109.1113
6109.1113
