3640321.2
202831.36
1700582.8
1648276.5
146672.2
1036846.2
85229.15
1067602.9
1726325.2
2870980.5
2541330.2
893020.94
1872132.8
1400514.0
3993319.0
594107.1
1064871.5
829228.9
1419269.4
5608120.5
327782.0
4000975.5
1587488.0
3042755.2
2883713.8
2334874.5
1821439.2
1191682.0
1906843.0
1317695.4
2529551.0
293385.62
798072.2
1172942.4
3082179.0
2887411.0
910949.75
77800.695
2783986.5
1766587.6
356966.72
838088.6
661007.75
1307004.8
1269156.2
337158.0
2009429.9
1890030.0
2482074.5
1175946.8
546736.9
7688993.5
1621496.8
6741029.5
3802039.8
765833.1
1373428.9
252639.64
1095990.9
506924.9
255956.72
1183746.5
1958097.2
592436.4
3194186.0
3123662.2
1766545.4
1485243.1
2382875.8
2185682.0
2314417.2
2614593.5
3601275.2
2094919.9
429169.5
1567219.9
2459763.0
38377.816
41192.285
1529318.1
494744.97
250442.34
3027306.5
1293099.5
35620.258
1396304.9
646757.94
77751.766
44310.766
35295.06
