937051.9
1277773.6
42024.902
56501.938
30430.062
420698.53
17971.22
34063.945
1293.9236
1597163.8
374057.34
327028.34
233511.97
2530627.8
161231.02
120741.02
1220332.4
845315.56
1739741.5
55004.84
3833437.8
244676.31
57778.75
241459.81
137409.78
1055784.0
44065.023
9861.0
139451.73
713543.06
2233272.8
2899888.5
178799.7
16071.965
4030128.0
740736.75
1255978.6
404838.47
3654901.2
1111103.4
963715.1
759519.7
976451.56
2622864.0
1243116.8
12086.805
15019.797
6447.9067
7529.222
10762.781
1388138.4
50166.984
63893.387
78425.94
173559.48
550485.3
225321.84
708703.5
100307.555
1007439.25
