230752.45
132824.69
5596301.0
638655.44
484898.47
430812.84
153953.19
390565.38
1522719.9
44619.0
72634.164
15834.334
44013.31
8944.804
683339.94
492857.0
1329249.5
896104.1
399546.88
1479071.0
291179.6
2024464.2
7878.3135
402342.34
508176.9
667115.56
2078675.5
980595.0
704827.06
1188210.2
77671.234
1027651.56
108645.67
2145982.0
1192804.8
19803.105
12035.732
943478.6
114582.484
480390.56
1071364.1
779277.75
1486207.5
1104552.4
926449.25
61101.785
267130.25
328197.2
625077.44
1130561.8
2129730.8
749085.5
3768520.2
1933692.2
2962599.5
3489674.8
1619779.6
1020462.6
218130.52
1316521.1
2630599.5
942400.6
258973.25
190394.78
285053.7
294795.66
702188.5
179058.5
162111.94
600113.6
9343.993
11664.633
551116.9
21152.027
