234410.55
98977.54
61906.418
109751.08
2776315.0
3754118.8
1193494.6
4605556.5
1821302.0
1432029.6
854116.44
740725.56
1907271.4
656852.4
886319.8
2022224.0
1197285.1
2479504.0
224467.84
888857.7
2510010.0
516887.84
2548679.8
622223.8
2113455.8
1312461.1
1281189.6
1058779.0
937027.94
823008.56
280940.8
770024.44
230326.61
2677854.2
828747.94
7081652.5
41271.39
1197428.4
618770.5
1334876.9
910711.94
1097810.9
6056713.5
4061491.0
587779.9
524625.2
40273.215
166575.53
286747.1
940629.3
738607.0
1156168.1
3949457.5
760775.6
1131033.4
863189.0
3263101.5
26609.156
529573.2
106509.85
998163.94
129932.57
62342.4
13482.502
5225621.0
398684.56
3160885.2
388891.34
138743.52
15793.68
318117.25
6343.1104
334125.84
