2717.4087
3237.403
1762062.0
16712.766
42472.695
222817.53
388507.34
470706.22
427808.56
411790.84
405021.38
392571.2
385639.34
1744888.8
914286.9
669804.4
3993843.5
12375.667
1603598.0
1407154.8
174988.19
2904846.8
6800.7734
2258.6194
1809972.4
368223.84
903496.1
1417252.5
1534686.4
2602930.5
3960668.8
7762896.0
1832649.0
53065.18
55221.65
2229371.5
5828296.5
431101.12
100880.15
2903254.8
2333143.8
545561.4
7100604.0
814054.25
92200.625
2011858.2
8116571.0
1386839.1
2268808.0
1436715.8
3577732.2
840951.06
7974.1167
12264.417
2749945.8
65618.51
319664.62
1232551.4
584272.56
172572.52
