783663.4
992447.06
454002.9
963037.25
1747784.1
830836.06
1206183.5
1013683.06
696477.44
703888.4
101736.23
1832649.6
234957.2
5915829.0
33081.22
723010.94
73756.62
2317823.5
249363.6
582198.6
168211.44
1968643.9
1263298.2
442879.8
865387.3
225822.5
487457.66
783471.5
1344509.9
1499757.1
568958.1
1684719.6
1224635.6
1401483.0
796338.94
1041295.9
2359612.8
568592.25
697648.6
928118.44
1099297.1
1575795.4
687364.0
1684726.0
407768.78
835306.25
621192.2
1023675.56
1633795.0
1033781.5
2202937.0
527816.6
1780055.4
1677557.4
473668.34
1729634.5
1102599.8
186191.98
28511.457
287952.44
