2526.9907
799.20044
2148329.2
16815.965
250340.92
4137.352
1203189.4
4680.433
1894.1515
4619.996
115070.6
361599.0
928157.25
1470527.5
44140.69
64513.05
367281.97
2583.936
3956.668
1093850.4
255.77402
15018.264
55727.727
69543.94
19391.08
120818.77
197866.06
2562622.5
211381.28
119402.54
48051.27
1119387.1
4455.012
3868661.8
48614.34
35383.258
39257.12
65589.61
127673.586
966925.4
4774.0044
941225.6
187304.53
1358560.9
503453.38
1324116.2
1663624.4
42536.18
1024886.4
742051.1
60149.81
4328190.0
733966.7
9871.08
720353.3
66665.69
1632259.5
26372.17
33394.84
185559.05
