250035.98
281159.75
806859.4
10199381.0
5040256.0
1200996.0
1619104.0
1423826.0
680481.44
1841174.5
1406074.6
3812253.8
1192743.9
2160263.0
425095.06
268889.06
1423608.4
1349051.5
297722.84
594359.56
922245.2
975408.56
5888006.0
92968.35
104990.66
101915.14
438225.97
459314.72
629906.9
1222083.8
1855637.0
361956.9
1148414.1
264955.25
901967.2
2706441.5
74423.625
41288.168
183061.48
2403990.2
5502062.0
142067.64
1394368.5
1108394.1
1281660.5
6469542.0
3677945.2
3539452.0
1270556.4
4997994.0
3832150.5
2470552.0
75214.87
933961.06
279947.62
1230256.2
931608.25
3359384.8
931322.6
1469302.6
2628259.0
1874184.0
1288557.5
1654524.4
177226.5
149698.55
1877258.8
382726.88
1530438.9
1193269.5
467354.3
4248012.0
2855967.0
1813584.2
622584.4
1626272.0
1193895.8
1484648.0
1662746.1
1251241.6
1457778.1
3118126.2
493567.06
768511.44
43363.605
53263.617
32790.027
60651.766
10778769.0
749964.56
1137605.5
11026.191
10017.15
18301.426
11108.41
11463.208
