0.167
1.294
2.129
2.839
3.883
4.551
5.177
5.804
6.513
7.223
8.058
8.768
9.979
10.689
11.566
12.359
13.152
13.988
15.031
15.658
16.702
17.62
18.664
19.792
20.501
21.337
22.046
22.673
23.717
24.426
25.637
26.556
27.725
28.56
29.855
31.024
32.485
33.905
34.698
35.951
36.995
38.122
39.208
40.085
41.087
42.548
43.634
44.302
45.012
46.181
47.1
47.935
49.146
50.565
51.317
52.068
53.405
54.24
54.991
55.868
56.662
57.33
57.998
58.708
59.376
60.754
62.006
62.716
63.76
65.305
66.516
67.518
68.562
69.23
70.691
71.986
73.238
74.199
74.867
75.619
76.662
77.539
79.752
81.047
82.258
83.761
85.097
85.723
87.435
88.229
89.022
90.525
91.319
92.112
92.78
93.448
94.158
94.951
95.745
96.58
97.457
101.215
105.849
106.518
107.728
