1.8
3.16
4.2
5.12
5.72
6.32
8.24
9.84
11.68
12.56
13.8
14.64
15.48
16.76
19.16
20.0
20.68
21.76
22.4
23.4
24.32
25.28
26.36
27.12
28.16
29.12
30.36
31.04
31.88
32.68
33.44
34.44
35.08
36.32
36.92
37.52
38.12
39.24
40.4
41.12
42.16
43.24
44.36
45.0
50.44
51.4
52.6
54.88
55.52
56.68
57.28
57.88
58.48
59.08
59.68
60.32
61.4
62.56
63.28
64.16
64.76
65.96
66.56
67.16
68.04
68.68
69.56
70.16
70.84
71.68
72.56
73.56
74.44
75.56
76.56
77.52
78.16
79.6
80.52
81.48
82.08
83.16
83.76
84.36
85.24
85.84
86.48
87.08
90.16
90.96
91.64
92.64
93.24
94.48
97.0
97.64
98.6
101.52
