2.544
4.671
7.298
9.009
10.427
11.594
12.554
13.888
15.473
16.474
17.642
19.31
20.27
21.563
22.897
26.276
27.36
28.194
29.612
30.238
32.407
33.491
34.868
36.119
37.454
38.747
40.206
41.082
42.459
43.501
44.419
45.253
46.755
47.672
48.381
49.174
50.467
51.551
53.052
54.596
57.39
58.433
59.768
61.77
62.604
63.772
64.773
65.94
66.608
68.193
68.943
69.778
70.487
71.446
72.28
76.034
78.119
79.496
80.58
82.123
82.957
84.918
85.752
87.212
87.837
89.506
90.548
91.508
92.133
92.759
93.384
94.01
94.844
96.137
96.763
97.764
99.015
100.35
101.017
102.685
103.353
104.896
120.119
