2.202
3.87
5.005
5.939
7.24
9.642
10.21
12.012
13.38
15.515
16.916
17.517
18.785
21.187
21.988
22.889
24.457
25.125
26.459
27.193
27.827
28.928
30.13
30.63
31.197
31.865
32.932
33.8
34.534
35.468
36.269
36.803
38.004
40.473
41.207
44.611
45.178
45.945
46.746
47.714
48.615
49.449
50.25
51.718
52.318
52.986
54.254
55.221
56.489
57.791
58.992
60.794
61.294
62.595
63.096
65.398
66.366
67.934
68.835
69.602
70.203
70.87
72.038
72.572
73.106
73.673
74.274
74.908
75.608
76.376
77.21
78.011
78.711
79.679
81.514
84.35
89.556
