2.836
5.255
7.298
9.384
11.72
13.138
14.055
15.056
16.516
18.727
20.52
21.563
23.773
24.733
25.734
26.359
27.61
28.737
29.487
30.113
30.822
31.656
32.449
33.324
34.868
36.244
37.454
39.08
39.914
40.665
41.916
43.46
45.003
45.962
47.005
48.214
49.007
50.842
51.593
52.218
53.094
54.387
55.43
56.473
58.183
59.434
60.31
62.187
63.396
64.439
65.231
66.274
67.442
68.318
69.152
71.071
74.115
75.7
76.826
77.619
78.495
79.496
80.58
81.331
81.956
82.707
83.583
84.459
85.502
87.003
88.171
89.255
90.09
91.216
92.133
93.009
95.178
99.641
