4.52
7.72
8.96
11.24
12.8
14.24
15.04
16.32
17.0
17.68
18.64
19.4
20.16
21.16
21.76
24.36
24.96
25.96
26.6
27.52
28.12
29.4
30.0
30.64
31.4
32.28
33.48
34.4
35.16
35.76
36.36
37.2
38.4
39.32
40.4
41.16
41.76
42.36
43.32
44.08
44.84
46.12
46.76
48.28
48.88
50.72
51.32
52.08
53.04
54.04
54.84
57.92
58.64
59.76
60.4
61.24
62.24
62.84
63.44
65.92
66.56
67.24
67.92
68.64
69.44
70.04
70.92
71.92
72.6
73.24
74.28
75.12
76.68
77.28
78.32
79.08
81.4
82.08
82.72
84.04
84.76
85.6
86.48
88.36
89.6
90.2
91.88
92.64
93.28
94.16
95.64
96.68
97.32
98.32
99.16
100.12
101.0
103.08
104.2
104.8
105.64
108.04
108.8
109.52
110.88
