0.92
2.16
3.4
5.88
8.56
9.56
10.28
11.0
11.88
12.6
13.44
14.04
14.76
16.4
17.72
19.08
19.8
21.2
21.92
24.04
24.8
25.44
26.4
27.56
28.4
29.32
30.0
30.88
31.48
32.32
33.0
33.68
35.16
36.04
39.04
39.72
40.44
41.2
43.04
43.96
44.88
45.84
46.68
48.08
49.4
50.04
50.88
52.2
54.36
55.0
56.0
57.4
59.52
60.56
61.56
63.04
64.68
65.32
65.92
67.16
67.88
68.64
69.44
70.08
71.2
72.0
73.32
74.36
75.28
76.6
78.08
79.0
80.52
81.52
82.6
83.6
84.2
84.96
86.24
87.44
88.4
89.68
90.56
91.72
92.72
93.92
95.04
104.84
111.84
114.84
