0.5
1.701
4.27
6.206
9.075
9.709
11.578
13.546
15.615
16.116
17.183
17.984
18.685
19.352
20.72
21.654
22.789
24.157
26.226
27.694
28.361
31.131
31.698
33.433
34.234
34.734
36.503
38.371
41.107
43.109
45.512
46.946
49.249
50.984
51.785
52.619
54.02
55.789
56.589
57.457
59.392
61.628
62.996
64.664
65.665
67.734
68.234
68.735
69.235
70.87
71.971
73.306
74.474
75.742
76.443
77.11
78.178
79.045
80.447
81.047
82.882
84.484
85.418
86.319
86.82
88.021
88.922
89.556
90.79
91.291
91.791
92.292
93.059
93.56
