1.0
2.669
3.837
4.838
6.006
6.715
7.841
8.675
9.342
10.51
11.594
13.054
14.305
15.056
16.307
17.183
18.101
19.227
20.228
21.396
22.564
23.773
24.941
26.735
28.361
29.112
30.405
31.573
32.741
33.658
34.534
35.66
36.745
39.581
40.373
41.041
41.916
43.043
43.752
44.711
45.837
46.546
48.59
49.257
50.508
52.552
54.137
55.18
56.055
56.931
58.558
59.476
60.518
62.645
63.938
64.898
65.982
67.067
67.984
68.943
70.236
71.488
72.197
73.656
74.532
75.241
76.159
77.702
78.745
79.579
80.538
81.623
82.749
83.541
84.25
87.545
88.63
91.091
