2.068
4.371
5.372
6.039
6.673
7.407
8.041
8.775
12.679
14.247
15.749
17.083
18.351
18.918
19.719
20.854
21.521
22.355
23.49
24.524
25.725
26.726
27.26
27.994
28.661
29.662
30.263
30.764
31.564
32.999
34.067
35.201
36.169
37.17
37.871
38.705
39.672
40.507
41.541
42.542
43.076
43.576
44.444
45.245
46.546
47.614
48.548
49.049
49.716
50.583
51.518
52.419
52.952
53.553
54.454
55.255
56.289
57.023
57.791
58.425
58.925
60.627
61.594
62.195
62.729
63.363
64.097
64.798
65.432
66.399
67.033
67.534
68.134
68.768
69.269
70.103
70.637
72.105
72.705
73.273
73.873
74.641
75.408
76.209
77.077
77.911
78.778
79.979
80.914
81.948
82.916
83.817
84.751
85.652
86.486
87.487
88.421
89.389
90.056
90.623
91.157
91.658
92.158
92.659
93.159
94.427
95.762
96.93
98.231
99.399
100.9
102.802
103.303
103.903
104.404
104.904
105.405
106.239
106.739
107.607
108.341
109.175
109.876
113.947
