3.336
4.17
5.005
5.63
6.715
7.59
9.259
10.051
10.677
11.678
13.179
14.18
15.348
17.267
18.935
21.312
23.94
29.112
32.157
33.283
34.451
35.535
36.578
37.704
38.955
39.748
41.708
43.96
46.88
51.134
52.635
54.262
54.888
55.764
57.056
58.6
59.225
60.185
61.436
62.395
63.563
65.231
65.857
66.9
67.942
69.569
72.28
73.74
74.824
75.742
76.659
78.119
79.162
80.705
82.207
83.041
84.084
85.293
86.044
89.756
90.84
91.966
92.884
93.593
95.095
96.221
97.388
98.139
101.768
106.231
108.316
110.735
112.904
116.324
