5.086
8.634
11.01
12.148
13.821
16.799
17.402
18.607
19.142
21.384
22.087
22.623
23.359
24.195
28.312
31.558
32.662
34.235
34.838
35.54
36.042
38.318
38.82
39.489
40.862
48.057
48.626
49.763
51.537
53.144
54.951
56.222
56.724
57.226
57.829
58.331
58.833
59.569
62.849
63.719
64.254
64.756
65.258
65.894
66.731
69.81
71.282
71.951
72.453
73.792
76.402
77.574
78.076
80.151
82.359
83.196
83.765
85.572
87.513
89.32
92.667
93.57
94.173
94.675
95.21
95.712
98.189
98.691
99.193
99.695
100.197
101.167
102.64
104.213
104.949
116.629
