3.503
4.037
4.571
6.106
6.873
7.374
8.341
9.109
9.709
10.31
10.877
11.444
12.612
13.88
14.414
15.248
15.849
16.816
17.584
18.918
19.586
20.387
20.887
21.888
22.522
23.123
24.224
25.358
26.092
26.726
27.894
28.561
29.062
29.796
30.897
31.431
32.365
33.066
34.034
35.135
35.702
36.536
37.904
38.671
39.372
39.873
40.64
41.408
41.975
42.609
43.443
44.477
45.211
45.712
46.212
46.846
48.381
49.616
50.116
50.884
51.484
52.385
53.119
53.887
54.721
55.388
56.056
56.756
58.058
58.725
59.225
59.759
60.627
61.828
62.328
63.496
64.03
64.531
65.231
65.732
66.266
67.333
67.867
68.868
69.669
70.637
71.204
71.971
73.039
74.307
74.808
75.909
76.676
77.243
80.18
80.914
