1.126
2.168
3.545
5.213
6.297
7.507
9.592
11.136
12.637
14.097
15.473
18.768
21.146
22.022
24.274
26.776
28.278
29.988
31.281
32.949
33.992
35.326
37.328
38.955
39.873
41.416
43.877
44.919
48.339
50.508
52.01
53.178
54.471
56.014
57.64
58.6
59.601
61.186
62.437
64.063
64.939
65.815
67.525
69.11
70.528
71.905
73.615
76.534
77.869
79.12
80.914
82.082
83.166
83.917
85.376
86.544
87.545
89.13
90.09
90.715
92.55
93.551
94.719
96.471
98.556
100.475
102.393
103.812
105.897
107.232
109.4
110.568
114.197
