0.125
1.584
3.169
4.129
5.005
6.256
7.006
9.009
9.968
10.635
11.636
12.345
13.096
13.93
14.973
15.724
16.558
17.35
18.518
19.185
19.936
21.021
21.73
22.564
23.44
24.107
25.066
25.817
26.776
27.569
28.903
29.863
30.655
31.322
32.073
32.741
33.366
35.035
35.827
36.661
37.328
38.246
39.08
39.873
40.623
42.834
44.21
45.128
46.629
48.048
48.673
49.466
50.383
51.092
52.135
53.386
54.763
55.638
56.89
57.766
58.516
59.184
60.226
60.894
61.519
62.312
63.062
64.189
65.648
66.357
66.983
67.776
69.444
71.446
73.448
75.241
76.117
76.868
78.87
80.33
81.206
82.707
83.625
84.793
85.794
86.711
89.214
