0.233
5.633
7.166
9.333
10.633
12.5
14.566
17.3
19.1
19.9
20.666
21.466
22.233
23.566
24.733
25.6
26.8
28.533
29.033
30.166
31.833
33.033
34.566
36.566
38.2
38.9
39.833
41.2
42.666
43.3
44.666
45.366
46.3
47.166
47.766
49.266
50.933
52.433
53.133
53.633
57.333
58.4
59.1
60.333
61.966
62.933
63.8
64.566
65.266
65.933
66.9
68.433
70.233
72.2
73.4
74.766
76.5
77.7
78.266
79.9
81.466
83.533
86.566
88.166
90.033
91.266
94.266
95.8
97.566
99.233
102.1
103.133
105.7
106.733
107.6
108.366
109.866
110.933
112.2
112.8
115.666
118.2
