1.876
2.669
3.753
4.421
5.338
6.464
7.298
9.05
9.676
11.261
12.512
14.013
15.724
17.934
18.601
19.561
20.812
21.604
22.522
24.232
25.275
26.234
27.36
29.279
30.196
31.239
32.323
33.533
34.2
35.16
36.453
37.454
38.913
40.123
40.957
42.792
44.711
45.795
46.713
47.464
48.59
49.674
51.134
52.927
53.887
54.679
55.805
56.848
58.141
59.267
60.101
60.935
61.77
62.52
64.147
65.398
66.608
68.234
69.277
70.236
71.154
72.072
72.947
73.656
74.491
75.241
76.326
77.911
78.953
80.246
87.504
90.423
91.758
92.509
96.137
97.472
100.934
101.851
102.769
105.48
106.314
107.482
108.9
111.319
114.03
115.323
119.202
