0.333
1.267
2.335
3.169
4.07
4.738
5.505
6.039
6.639
7.54
8.041
8.541
9.576
10.777
11.578
12.579
13.413
13.947
14.447
14.981
15.582
16.282
16.783
17.45
18.084
19.319
19.886
20.387
20.887
21.621
22.122
22.622
23.456
24.024
24.524
25.225
26.326
27.027
27.527
28.028
28.528
29.329
29.963
30.597
32.098
32.966
34.234
34.934
35.602
36.736
37.303
37.971
38.538
39.239
39.906
40.407
40.907
41.741
42.475
43.109
43.61
44.477
56.189
57.29
58.158
58.725
59.526
60.026
60.693
61.528
62.128
62.762
63.329
64.064
64.564
65.365
66.499
67.0
67.567
68.334
69.135
69.836
70.336
71.271
71.805
72.405
72.906
73.706
74.207
74.808
75.341
75.942
76.443
76.943
77.544
78.078
78.812
79.479
79.979
80.48
81.014
81.614
82.282
82.782
83.516
84.05
84.617
85.218
85.752
86.286
86.786
87.287
87.787
88.354
89.055
89.622
90.423
91.057
91.591
92.459
93.159
93.927
94.461
95.295
96.129
96.83
97.697
98.198
99.933
