6.297
8.216
9.134
10.26
11.553
14.305
16.599
18.393
19.102
20.437
21.146
21.896
23.106
24.357
25.692
27.152
28.069
29.404
31.364
32.24
33.658
34.576
35.243
37.245
38.246
39.497
40.957
42.333
43.585
45.503
46.629
47.922
49.591
50.759
52.427
53.303
54.262
55.638
57.307
58.183
59.601
60.977
62.562
64.022
64.939
66.608
68.068
68.902
69.569
70.612
71.362
75.033
75.909
76.743
78.203
79.329
80.455
81.498
83.541
84.709
86.252
87.045
87.796
88.421
89.047
90.59
91.299
92.3
93.384
95.178
96.679
97.305
99.14
100.183
102.227
108.566
