3.625
4.5
5.458
6.75
7.791
8.75
12.333
13.708
15.375
16.875
18.583
20.666
22.166
23.458
24.291
25.416
26.875
28.25
29.083
30.833
32.041
33.125
34.125
34.791
35.666
37.625
38.75
39.541
40.375
42.625
43.541
44.416
45.25
46.291
48.0
48.958
49.958
51.416
52.041
53.041
54.083
55.083
56.083
56.958
57.708
59.041
59.916
61.041
61.75
63.25
64.375
65.083
66.083
67.833
68.458
70.041
71.416
72.833
74.041
75.083
75.916
76.541
77.458
78.083
78.875
80.041
81.041
81.958
82.958
84.166
84.958
86.208
87.041
87.833
88.458
89.416
90.125
91.208
92.125
93.541
