1.56
2.16
3.84
5.2
5.8
8.36
9.36
10.64
12.36
13.36
15.68
16.32
17.16
18.08
18.88
22.08
23.0
24.2
25.68
26.32
27.4
28.0
29.08
29.84
30.72
31.36
32.08
32.72
33.56
34.84
35.56
36.52
37.68
39.0
39.6
40.52
41.28
41.88
42.72
43.36
44.68
45.4
46.08
47.08
48.04
49.08
50.12
50.96
52.24
54.76
56.2
58.68
61.04
62.68
64.6
65.6
66.36
67.8
68.44
69.04
69.68
70.28
71.28
72.4
73.24
74.76
76.12
76.84
77.44
78.84
80.72
82.16
82.92
84.4
85.16
85.76
86.96
88.88
92.88
95.48
96.4
98.24
99.4
100.36
101.64
104.36
106.12
107.8
108.96
110.16
112.0
112.64
113.44
114.44
116.48
