2.502
10.677
11.678
12.762
13.763
14.848
15.807
16.808
18.018
19.019
20.186
21.229
22.313
23.356
24.357
25.358
26.568
27.569
28.57
29.612
30.488
31.281
31.948
32.574
33.199
33.825
34.451
36.119
37.037
37.954
39.205
40.248
41.249
42.292
43.376
44.461
45.336
46.171
47.213
49.257
50.133
51.051
52.051
52.719
53.636
54.763
55.68
56.598
57.891
58.516
59.559
60.351
61.06
62.353
63.062
63.73
65.565
66.608
69.027
70.111
71.196
73.073
74.741
75.825
76.576
77.827
78.495
79.537
80.997
82.04
82.957
84.167
85.21
86.252
87.962
89.38
90.423
91.674
92.675
93.718
94.719
95.637
96.805
97.764
98.723
99.891
101.059
102.143
103.102
103.937
104.729
106.022
107.148
108.107
109.234
110.443
111.528
112.57
113.613
114.656
115.615
116.533
117.659
120.078
