0.709
1.459
2.419
4.796
5.922
7.006
7.966
9.718
10.885
12.262
13.346
15.432
16.349
17.225
18.226
19.602
20.645
23.398
24.232
25.358
26.484
28.069
29.279
31.573
32.49
33.867
35.618
36.87
37.912
42.292
43.71
45.253
46.463
48.84
50.508
54.596
57.223
59.017
59.934
61.561
63.354
66.149
69.319
70.07
70.862
71.738
72.405
73.073
73.782
74.532
75.325
76.618
77.827
78.953
81.081
82.624
84.167
87.378
88.505
89.881
91.132
92.133
94.344
95.178
97.305
100.266
103.937
104.604
105.23
105.939
106.648
107.273
108.566
109.275
