0.8
1.968
2.702
3.37
4.771
5.572
6.573
7.374
8.341
9.609
10.944
11.811
12.512
13.58
14.247
14.781
15.281
15.982
16.85
17.35
17.851
18.485
19.386
20.186
21.654
22.522
23.323
23.99
24.791
25.925
27.56
28.461
29.029
29.863
30.363
31.097
32.098
33.133
34.401
36.503
37.203
37.804
38.505
39.072
40.04
41.574
42.342
42.842
43.977
44.544
45.178
45.945
47.447
47.947
48.448
49.549
50.283
50.784
51.618
52.285
53.453
54.587
55.088
55.588
56.423
57.023
57.524
58.224
58.858
59.426
60.827
61.327
61.828
63.363
65.231
66.132
68.301
68.902
69.602
72.105
73.373
74.14
74.707
75.408
76.342
76.943
77.811
78.812
79.312
80.246
80.847
81.347
81.948
82.749
83.249
83.75
84.25
84.784
85.385
85.952
86.486
87.087
87.921
88.922
89.422
90.19
90.69
91.191
91.724
92.292
92.792
93.46
93.96
94.894
96.329
97.13
97.63
98.431
99.132
99.699
100.2
101.267
101.801
102.335
103.303
103.87
104.537
105.605
106.306
107.207
107.707
108.708
109.209
110.643
111.377
111.945
112.545
113.213
113.746
114.247
115.882
