1.24
3.64
15.68
17.08
18.12
19.6
20.72
21.68
22.48
23.2
23.88
25.4
26.56
27.28
28.64
29.96
30.56
31.48
32.28
33.4
34.12
35.0
36.72
37.32
38.64
39.28
40.12
41.84
43.44
45.16
46.32
47.64
48.56
49.6
50.56
52.92
53.52
54.12
55.44
56.12
57.32
57.92
58.68
60.92
61.84
62.68
64.4
65.32
66.24
67.72
69.28
70.36
71.32
72.84
73.8
75.12
76.56
77.36
77.96
79.16
79.76
80.36
81.32
81.96
82.88
83.92
84.56
85.24
86.64
87.24
89.52
90.12
92.48
93.16
94.32
94.96
95.76
96.36
97.56
98.48
99.88
100.64
101.36
102.12
103.12
103.92
