2.433
4.666
7.033
8.3
9.533
11.833
14.3
15.1
15.933
18.166
18.966
21.566
23.233
24.166
25.166
25.833
27.533
28.5
30.3
31.533
35.433
36.6
37.233
37.8
39.4
40.533
42.6
43.533
46.366
48.6
50.733
52.133
52.766
53.3
53.8
54.3
54.833
55.9
57.466
58.0
58.633
59.966
60.5
61.233
62.0
62.766
63.3
64.966
66.033
67.066
68.466
69.866
71.266
73.266
74.033
74.6
75.9
77.133
79.433
80.033
80.566
82.0
82.933
83.766
84.333
85.333
86.0
87.2
88.233
88.733
89.566
90.266
91.033
92.2
92.833
93.333
93.966
94.533
95.833
97.833
98.633
100.766
101.6
102.866
103.833
104.6
106.066
107.933
108.633
109.133
109.666
110.2
110.733
